mixnet-01001,mixnet-01002,mixnet-01003,mixnet-01004,mixnet-01005,mixnet-01006,mixnet-01007,mixnet-01008,mixnet-01009,mixnet-01010,mixnet-01011,mixnet-01012,mixnet-01013,mixnet-01014,mixnet-01015,mixnet-01016,mixnet-01017,mixnet-01018,mixnet-01019,mixnet-01020,mixnet-01021
1000,1000,2523,4284,6239,8066,9543,10403,10821,10945,10962,10944,10958,10961,10988,10966,10937,10976,10948,10964,10965,10960,10989,10981,10919,10981,10959,11008,10961,10933,10952,10976,10967,10965,10969,10941,10946,10945,10937,10957,10964,10950,10976,10962,10904,10952,11020,10981,10969,10928,10896,10946,10963,10929,10919,10948,10961,10979,11020,10990,10928,10896,10915,10967,11031,11018,10989,10927,10939,10941,10963,10970,10972,10932,10966,10935,10940,10947,10943,10929,10949,10926,10976,10951,10991,10961,10843,10705,10481,10244,9938,9620,9354,9012,8862,8639,8456,8406,8378,8255,8222
1000,1000,2529,4256,6203,8103,9538,10352,10775,10953,10959,11007,11032,11014,10936,10900,10924,10937,10986,11027
1000,1000,2502,4050,5834,7580,9438,11132,12373,13174,13540,13687,13712,13688,13685,13743,13680,13644,13656,13663,13688,13703,13685,13756,13727,13699,13706,13720,13749,13717,13699,13708,13724,13693,13728,13774,13735,13713,13695,13747,13703,13725,13764,13726,13706,13647,13685,13762,13768,13773,13720,13667,13693,13701,13669,13667,13707,13671,13705,13783,13771,13693,13666,13660,13717,13760,13775,13767,13721,13667,13701,13703,13701,13737,13735,13744,13740,13721,13686,13705,13704,13710,13711,13679,13657,13688,13672,13667,13568,13382,13178,12896,12632,12291,11992,11774,11549,11342,11260,11206,11087
1000,1000,2514,4027,5653,7263,8993,10806,12570,14063,15157,15863,16246,16339,16475,16485,16478,16461,16466,16451
1000,2000,4000,4993,5476,5485,5455,5449,5467,5480,5459,5477,5450,5448,5474,5482,5447,5485,5476,5488,5450,5482,5448,5481,5486,5483,5440,5482,5471,5490,5446,5466,5456,5450,5460,5474,5473,5478,5458,5452,5431,5484,5441,5436,5487,5449,5443,5461,5457,5491,5498,5489,5487,5467,5471,5466,5470,5456,5449,5438,5477,5476,5478,5448,5450,5453,5453,5483,5477,5438,5470,5482,5484,5472,5445,5475,5480,5452,5474,5476,5451,5456,5396,5300,5173,4968,4622,4257,3962,3624,3404,3195,3048,2953,2843,2791,2770,2717,2734,2739
1000,1000,2511,4050,5612,7230,8743,10347,12053,13673,15448,17162,18669,19869,20796,21385,21722,21837,21947,21967,21961,22001,21990,21917,21939,21915,21968,21975,21975,22022,22040,21996,21983,21988,21929,21939,21939,21962,21972,21962,21954,22019,21966,21952,22001,21945,21920,21981,21964,21914,21920,21950,21980,21964,21966,21995,22017,21954,21946,21914,21937,21911,21955,22001,22022,21964,21943,21932,21934,21940,22030,21975,22001,22057,22000,22002,21925,21922,21933,21927,21979,21984,21952,21903,21967,21972,21945,21932,21870,21950,22031,21932,21886,21831,21635,21380,21158,20903,20619,20324,20106
1000,1000,2528,4016,5591,7203,8769,10523,12264,14004,15690,16999,17995,18630,19039,19132,19202,19265,19271,19252,19227,19225,19170,19155,19209,19194,19258,19216,19236,19236,19218,19184,19215,19212,19219,19197,19186,19227,19250,19235,19201,19196,19179,19218,19231,19176,19254,19194,19139,19186,19249,19237,19255,19211,19247,19260,19207,19163,19168,19199,19183,19187,19291,19281,19216,19193,19161,19165,19226,19293,19281,19235,19241,19223,19173,19132,19184,19230,19207,19225,19229,19164,19144,19242,19232,19185,19188,19162,19246,19246,19161,19041,18959,18732,18465,18282,17993,17676,17415,17154,16990
1000,1000,2523,4074,5638,7194,8701,10351,11978,13692,15466,17152,18665,19909,20789,21366,21682,21870,21935,21944
1000,1000,2509,3978,5671,7328,9025,10863,12542,14086,15168,15856,16271,16449,16440,16454,16527,16507,16467,16426,16434,16437,16426,16453,16508,16457,16487,16451,16488,16479,16472,16449,16474,16487,16415,16421,16483,16510,16446,16445,16454,16443,16484,16459,16461,16489,16448,16403,16464,16513,16498,16479,16493,16449,16467,16426,16433,16430,16420,16485,16507,16515,16496,16405,16386,16418,16441,16529,16555,16501,16419,16461,16423,16435,16431,16446,16495,16475,16475,16471,16427,16445,16490,16500,16453,16446,16433,16462,16467,16352,16230,16071,15848,15593,15311,15020,14709,14466,14257,14098,14046
1000,2000,4000,4992,5463,5436,5448,5448,5434,5442,5481,5486,5462,5432,5442,5440,5473,5437,5473,5475,5480,5495,5495,5484,5438,5438,5478,5474,5443,5461,5475,5460,5471,5491,5453,5444,5472,5438,5442,5456,5489,5456,5484,5496,5472,5473,5492,5485,5453,5482,5476,5460,5486,5493,5470,5471,5463,5456,5484,5448,5461,5455,5448,5455,5487,5444,5471,5468,5488,5490,5458,5470,5485,5470,5479,5453,5437,5458,5433,5458,5434,5426,5435,5394,5253,5109,4791,4463,4094,3757,3502,3319,3116,2991,2894,2855,2803,2770,2712,2740
1000,1937,3934,4962,5442,5451,5469,5474,5476,5455,5434,5430,5447,5449,5454,5466,5485,5480,5473,5480,5458,5440,5440,5449,5439,5446,5466,5491,5491,5491,5447,5427,5462,5457,5476,5457,5449,5480,5481,5462,5446,5430,5431,5466,5477,5490,5456,5431,5448,5458,5477,5438,5458,5491,5490,5452,5487,5471,5445,5461,5486,5446,5435,5450,5486,5450,5474,5487,5439,5481,5498,5445,5480,5445,5442,5471,5471,5475,5437,5469,5467,5444,5444,5357,5217,5026,4761,4400,4036,3765,3491,3257,3118,3016,2937,2829,2761,2734,2712,2714
1000,1000,2502,3988,5661,7313,9032,10845,12578,14068,15203,15872,16185,16428,16493,16440,16461,16455,16470,16466
1000,1000,2526,4060,5829,7577,9467,11126,12382,13173,13533,13644,13748,13738,13687,13717,13725,13734,13722,13702
1000,1000,2971,4962,6718,7721,8066,8204,8241,8281,8265,8240,8209,8197,8189,8180,8216,8216,8237
1000,1000,3007,5001,6729,7747,8145,8211,8208,8198,8177,8210,8228,8195,8190,8211,8178,8194,8175,8257,8204,8242,8229,8186,8227,8275,8202,8223,8175,8239,8222,8217,8211,8200,8180,8208,8181,8192,8217,8262,8196,8209,8244,8149,8191,8258,8228,8190,8151,8138,8186,8201,8206,8219,8220,8233,8253,8258,8227,8185,8178,8217,8246,8270,8246,8204,8163,8167,8232,8189,8191,8184,8187,8240,8215,8169,8233,8208,8192,8226,8234,8207,8233,8185,8118,8004,7853,7579,7307,6963,6611,6353,6085,5928,5809,5648,5622,5561,5472,5446,5508
1000,1000,2526,4017,5562,7165,8776,10490,12254,14031,15638,17047,17993,18588,19026,19168,19206,19248,19225,19209
1000,1000,2513,4273,6270,8132,9560,10425,10792,10918,10962,10957,10985,10921,10978,11005,10980,10936,10925,10963
1000,1000,2507,4025,5760,7543,9463,11081,12316,13109,13477,13607,13696,13755,13804,13719,13697,13667,13646,13712
1000,1000,3008,5023,6761,7715,8072,8223,8207,8194,8192,8189,8234,8213,8241,8185,8190,8172,8207
1000,1000,2509,4021,5631,7176,8727,10360,11984,13699,15475,17124,18628,19860,20792,21346,21660,21898,21976,21963
1000,1000,2502,4009,5630,7176,8775,10463,12212,13984,15586,16933,17973,18607,18943,19112,19214,19244,19198,19210
