mixnet-00501,mixnet-00502,mixnet-00503,mixnet-00504,mixnet-00505,mixnet-00506,mixnet-00507,mixnet-00508,mixnet-00509,mixnet-00510,mixnet-00511,mixnet-00512,mixnet-00513,mixnet-00514,mixnet-00515,mixnet-00516,mixnet-00517,mixnet-00518,mixnet-00519,mixnet-00520,mixnet-00521
500,500,1279,2077,2821,3565,4391,5211,5994,6849,7730,8593,9331,9939,10429,10724,10869,10920,10977,11035,10966,10913,10971,11005,10954,10944,10939,10889,10949,10960,10949,10969,10982,10977,10950,10937,10937,10971,10997,10966,10983,10986,10981,11000,10964,10939,10916,10973,10930,10929,10948,10933,10915,10937,10947,11014,10964,10911,10925,10942,10991,11001,10942,10972,10984,11003,11002,10966,11013,10972,10962,10930,10939,10965,10927,10901,10895,10997,11020,10980,10946,10975,10943,10979,10922,10966,10974,11025,11034,10957,10934,10984,10953,10941,10813,10660,10645,10554,10409,10252
500,978,1978,2462,2727,2717,2697,2695,2685,2710,2723,2697,2703,2705,2685,2677,2733,2707,2697,2735,2743,2746,2716,2738,2728,2723,2711,2723,2706,2683,2721,2730,2690,2702,2718,2689,2733,2725,2730,2716,2723,2686,2719,2732,2709,2724,2727,2745,2706,2700,2685,2676,2711,2734,2720,2718,2699,2698,2701,2722,2714,2700,2727,2697,2694,2721,2715,2712,2730,2747,2738,2737,2689,2691,2695,2739,2728,2730,2720,2735,2694,2703,2724,2676,2597,2514,2401,2269,2090,1960,1768,1685,1602,1522,1469,1389,1387,1394,1346
500,500,1513,2476,3339,3869,4057,4142,4099,4042,4108,4110,4090,4089,4127,4031,4037,4079,4047
500,500,1279,2117,3117,4099,4746,5143,5395,5458,5466,5484,5444,5439,5428,5463,5477,5445,5505,5494
500,500,1258,2002,2840,3660,4448,5195,6025,6833,7676,8517,9342,9915,10345,10700,10896,10978,11007,10958
500,500,1270,2175,3135,4078,4803,5239,5361,5428,5458,5448,5506,5511,5419,5416,5471,5528,5518,5431,5380,5377,5422,5469,5486,5458,5476,5437,5470,5505,5485,5469,5461,5492,5480,5442,5453,5437,5477,5456,5479,5472,5435,5475,5449,5418,5489,5439,5476,5454,5452,5444,5491,5509,5467,5448,5418,5442,5457,5459,5499,5496,5453,5436,5456,5458,5462,5470,5430,5434,5497,5477,5425,5423,5482,5476,5473,5465,5505,5479,5476,5428,5438,5450,5473,5492,5426,5398,5242,5224,5076,4928,4765,4591,4504,4432,4310,4214,4192,4137
500,500,1272,2035,2879,3778,4764,5569,6121,6565,6735,6778,6874,6893,6795,6810,6866,6824,6821,6833
500,500,1272,2147,3101,4057,4721,5152,5417,5458,5439,5473,5492,5434,5458,5527,5480,5453,5445,5432
500,500,1265,2042,2803,3577,4478,5446,6310,7011,7544,7932,8170,8219,8215,8244,8222,8219,8155,8175,8200,8246,8262,8195,8206,8205,8240,8235,8224,8199,8209,8197,8203,8188,8196,8251,8251,8227,8211,8230,8213,8192,8159,8225,8206,8261,8197,8167,8182,8155,8151,8225,8238,8172,8186,8193,8239,8228,8202,8257,8245,8224,8204,8200,8230,8249,8217,8240,8166,8213,8187,8208,8189,8204,8245,8238,8248,8163,8174,8203,8260,8200,8244,8243,8260,8164,8188,8210,8217,8232,8128,8031,7908,7819,7722,7626,7483,7316,7144,7125
500,500,1509,2503,3372,3810,3996,4133,4113,4062,4110,4103,4051,4057,4096,4108,4087,4125,4102
500,1000,1994,2485,2712,2727,2734,2727,2701,2714,2727,2709,2709,2726,2740,2703,2730,2738,2706,2717,2713,2714,2705,2728,2707,2716,2742,2692,2722,2722,2722,2709,2713,2691,2683,2726,2707,2728,2697,2689,2679,2724,2704,2734,2706,2733,2733,2691,2734,2717,2698,2689,2697,2738,2708,2723,2701,2688,2709,2709,2711,2715,2710,2711,2735,2720,2729,2706,2715,2741,2730,2713,2728,2702,2719,2737,2702,2708,2722,2713,2698,2725,2694,2673,2610,2541,2415,2281,2141,1970,1790,1648,1534,1513,1452,1392,1404,1393,1374
500,500,1266,2029,2832,3638,4402,5247,6146,7026,7836,8461,8951,9315,9472,9575,9610,9601,9625,9581,9553,9543,9603,9579,9555,9556,9530,9559,9625,9603,9621,9598,9593,9570,9587,9582,9598,9630,9613,9586,9578,9615,9600,9578,9544,9563,9624,9587,9564,9604,9535,9512,9598,9612,9615,9599,9556,9622,9595,9592,9619,9596,9641,9618,9616,9646,9590,9576,9600,9531,9538,9576,9581,9549,9567,9570,9625,9624,9575,9527,9594,9586,9548,9601,9618,9636,9610,9593,9525,9550,9608,9541,9460,9364,9245,9161,9071,8954,8782,8671
500,500,1253,2052,2830,3624,4446,5247,6079,6995,7824,8485,8977,9269,9529,9628,9636,9563,9549,9556
500,500,1256,2022,2835,3643,4344,5151,6015,6883,7744,8541,9298,9956,10447,10736,10848,10952,10937,10940
500,500,1508,2522,3385,3842,4024,4076,4049,4117,4128,4138,4107,4031,4067,4099,4119,4102,4079,4019,4070,4114,4130,4106,4103,4095,4088,4101,4134,4107,4038,4100,4094,4062,4040,4050,4066,4054,4059,4103,4085,4061,4074,4116,4048,4092,4106,4046,4067,4082,4096,4083,4066,4061,4067,4064,4083,4095,4065,4108,4110,4098,4047,4110,4083,4047,4065,4040,4046,4092,4101,4068,4060,4135,4115,4059,4093,4122,4076,4085,4070,4084,4098,4103,4110,3990,3952,3825,3754,3617,3407,3275,3122,3002,2949,2865,2756,2756,2772,2708
500,500,1273,2037,2847,3645,4487,5438,6298,7022,7617,7927,8067,8187,8216,8195,8215,8199,8192,8225
500,500,1278,2068,2870,3773,4732,5587,6180,6524,6748,6877,6883,6820,6787,6772,6820,6820,6846,6832
500,500,1250,2046,2804,3588,4408,5247,6139,6972,7793,8502,9038,9337,9469,9525,9579,9598,9569,9572
500,500,1265,2049,2831,3681,4474,5340,6293,7060,7530,7902,8157,8250,8259,8205,8158,8150,8199,8207
500,500,1258,2027,2861,3795,4738,5584,6170,6512,6770,6849,6830,6842,6864,6860,6809,6800,6852,6907,6900,6864,6775,6792,6843,6832,6853,6812,6851,6820,6830,6849,6829,6873,6874,6852,6840,6802,6807,6811,6819,6838,6863,6873,6845,6814,6814,6824,6812,6865,6884,6866,6824,6847,6860,6890,6883,6803,6824,6806,6807,6833,6868,6873,6847,6852,6789,6793,6791,6813,6803,6867,6872,6853,6828,6798,6821,6793,6877,6871,6849,6844,6846,6817,6794,6824,6837,6862,6760,6665,6583,6495,6399,6268,6108,5967,5820,5731,5698,5631
500,1000,2000,2492,2708,2682,2731,2729,2715,2734,2698,2697,2692,2696,2727,2699,2716,2694,2683,2680,2732,2723,2717,2701,2707,2714,2697,2720,2693,2681,2698,2720,2691,2710,2714,2726,2715,2718,2744,2732,2693,2715,2736,2700,2687,2724,2694,2688,2726,2733,2702,2716,2705,2725,2706,2714,2735,2746,2733,2743,2720,2705,2697,2732,2696,2717,2729,2712,2735,2746,2743,2738,2738,2747,2707,2711,2729,2730,2710,2729,2712,2709,2689,2672,2596,2495,2429,2254,2114,1902,1767,1650,1566,1505,1466,1379,1363,1380,1364
