mixnet-00501,mixnet-00502,mixnet-00503,mixnet-00505,mixnet-00506,mixnet-00507,mixnet-00508,mixnet-00509,mixnet-00510,mixnet-00511,mixnet-00512,mixnet-00513,mixnet-00514,mixnet-00516,mixnet-00517,mixnet-00518,mixnet-00519,mixnet-00520,mixnet-00521
500,500,1252,2031,2849,3632,4413,5233,6136,7004,7820,8480,8996,9303,9484,9561,9587,9616,9641,9625,9616,9591,9520,9555,9586,9604,9565,9562,9555,9559,9602,9613,9636,9604,9586,9536,9590,9647,9634,9610,9573,9545,9537,9552,9622,9613,9585,9594,9574,9566,9627,9583,9527,9545,9567,9562,9529,9594,9571,9559,9551,9546,9523,9614,9615,9583,9565,9558,9641,9619,9599,9625,9619,9605,9598,9554,9584,9585,9565,9566,9665,9650,9603,9610,9577,9562,9581,9564,9600,9533,9520,9600,9582,9506,9503,9379,9264,9187,9013
500,500,1256,2041,2818,3656,4537,5438,6293,7033,7568,7927,8149,8213,8207,8172,8183,8140,8186,8256
500,500,1271,2155,3122,4010,4733,5155,5407,5489,5510,5437,5435,5467,5471,5512,5413,5395,5447,5505,5503,5439,5399,5446,5473,5477,5496,5483,5461,5439,5440,5433,5474,5453,5497,5493,5501,5462,5411,5479,5524,5437,5417,5400,5466,5546,5491,5451,5387,5380,5495,5469,5464,5417,5460,5433,5456,5475,5452,5459,5453,5509,5522,5499,5478,5462,5452,5478,5487,5493,5482,5474,5445,5487,5468,5504,5474,5449,5452,5419,5435,5456,5466,5455,5499,5478,5475,5466,5403,5346,5258,5212,5025,4873,4691,4508,4417,4301,4184
500,1000,2000,2488,2688,2732,2713,2737,2691,2721,2710,2737,2729,2701,2717,2714,2720,2740,2703,2698,2690,2689,2704,2689,2709,2699,2703,2689,2711,2707,2705,2733,2746,2723,2687,2728,2720,2715,2725,2693,2693,2715,2686,2707,2689,2690,2732,2726,2734,2715,2710,2716,2711,2734,2732,2736,2699,2718,2733,2745,2713,2701,2684,2732,2703,2720,2733,2727,2743,2699,2709,2727,2728,2689,2732,2707,2707,2696,2718,2729,2740,2694,2721,2714,2665,2670,2599,2545,2392,2215,2048,1836,1675,1535,1429,1418,1402,1353
500,500,1255,2002,2857,3836,4755,5560,6168,6572,6739,6830,6828,6788,6795,6789,6817,6877,6895,6842
500,500,1507,2544,3410,3825,4029,4061,4084,4150,4117,4093,4076,4086,4121,4104,4081,4081,4072
500,500,1265,2012,2890,3778,4692,5548,6195,6619,6797,6809,6851,6846,6812,6810,6845,6812,6821,6866
500,500,1254,2048,2839,3619,4422,5226,6130,7007,7844,8545,8992,9319,9522,9563,9530,9555,9550,9585
500,500,1256,2127,3179,4081,4784,5170,5351,5448,5441,5474,5461,5456,5480,5512,5526,5508,5450,5471
500,500,1277,2032,2814,3646,4482,5378,6296,7011,7605,7963,8133,8219,8246,8159,8207,8238,8221,8232
500,500,1257,1993,2829,3594,4430,5255,6120,7016,7841,8502,8951,9316,9543,9576,9593,9549,9563,9539
500,500,1272,2001,2823,3579,4381,5203,6034,6813,7690,8587,9338,9940,10423,10712,10909,10955,10969,10931
500,500,1253,2042,2791,3621,4416,5230,6045,6872,7742,8613,9354,9912,10374,10650,10807,10905,10985,10989,11016,11035,10956,10968,10941,10933,10935,10930,10979,10945,10972,10958,10949,11004,11040,10968,10909,10944,10976,10974,10964,11013,10942,10909,10933,11002,11007,11006,10963,10935,10969,10973,10989,10962,10930,10951,10919,10964,10970,10943,10963,10936,10918,10910,10926,10966,11013,10996,10956,10991,10963,10980,10997,10962,10999,10939,10929,10952,10973,10935,10893,10992,11004,11031,11025,10961,10947,10934,10946,10983,10904,10930,10964,10963,10921,10941,10828,10767,10674
500,500,1512,2541,3336,3850,4037,4135,4129,4070,4060,4045,4121,4100,4070,4060,4038,4126,4135,4110,4092,4075,4105,4104,4103,4079,4096,4058,4082,4081,4052,4071,4092,4111,4112,4063,4067,4052,4092,4131,4078,4075,4092,4126,4130,4071,4037,4064,4068,4133,4131,4100,4081,4074,4103,4132,4120,4070,4078,4127,4138,4144,4077,4092,4086,4036,4078,4061,4099,4095,4053,4043,4101,4084,4082,4074,4081,4069,4045,4056,4113,4111,4087,4108,4100,4062,4036,4027,3975,3859,3725,3548,3344,3228,3024,2882,2843,2795,2754
500,500,1264,2144,3137,4044,4769,5235,5481,5498,5482,5480,5476,5429,5444,5449,5458,5454,5485,5444
500,500,1277,2039,2887,3822,4681,5564,6119,6521,6762,6822,6836,6825,6811,6864,6865,6822,6771,6780,6867,6882,6855,6839,6823,6790,6817,6878,6907,6854,6827,6791,6809,6826,6814,6838,6853,6849,6798,6807,6878,6904,6878,6840,6738,6761,6845,6861,6841,6794,6774,6826,6845,6832,6828,6877,6805,6800,6825,6841,6829,6791,6858,6905,6905,6894,6856,6800,6817,6881,6863,6847,6815,6865,6826,6833,6860,6860,6878,6816,6806,6835,6782,6814,6837,6818,6848,6853,6877,6860,6788,6709,6605,6526,6364,6201,6013,5886,5796
500,500,1276,2077,2835,3662,4510,5444,6332,7007,7587,7948,8145,8165,8198,8228,8247,8262,8240,8168,8157,8172,8185,8228,8252,8198,8163,8193,8229,8280,8273,8212,8197,8191,8185,8200,8246,8233,8193,8172,8142,8211,8238,8284,8292,8200,8204,8227,8185,8218,8219,8158,8164,8226,8171,8187,8238,8217,8196,8176,8235,8217,8210,8220,8187,8216,8266,8297,8231,8183,8242,8235,8186,8200,8234,8228,8226,8231,8244,8266,8240,8206,8206,8174,8182,8150,8180,8183,8173,8179,8227,8208,8112,8052,7952,7789,7722,7479,7338
500,500,1513,2543,3360,3840,4078,4144,4121,4082,4095,4036,4084,4076,4083,4064,4090,4114,4077
500,500,1256,2015,2787,3613,4395,5203,6026,6845,7694,8599,9341,9967,10453,10760,10894,10941,10938,10974
