mixnet-01001,mixnet-01002,mixnet-01003,mixnet-01004,mixnet-01005,mixnet-01006,mixnet-01007,mixnet-01008,mixnet-01009,mixnet-01010,mixnet-01011,mixnet-01012,mixnet-01013,mixnet-01014,mixnet-01015,mixnet-01016,mixnet-01017,mixnet-01018,mixnet-01019,mixnet-01020,mixnet-01021
1000,1000,2507,4035,5639,7185,8761,10482,12253,13999,15606,17014,18020,18677,18994,19094,19135,19210,19223,19269
1000,1000,2512,4273,6281,8142,9541,10436,10819,10895,10971,10967,10947,10970,11005,11044,11002,10946,10939,10982
1000,1000,2520,4053,5641,7153,8739,10345,12014,13646,15333,17055,18622,19949,20879,21468,21764,21870,21932,21981,21962,21915,21963,21932,21928,21975,21980,21957,21918,21947,21982,22023,21955,21906,21952,21986,21961,21988,21970,21984,21968,21982,21990,21944,21946,21992,22044,22028,21973,21953,21916,21901,21923,21902,21920,21899,21963,21997,21988,21977,21995,21988,21980,21963,21942,21969,22010,21962,21986,22024,22014,21966,21938,21933,21974,21953,21927,21956,21998,21976,21963,21961,21999,21950,21929,21957,21958,21972,21962,21975,22005,21959,21852,21732,21556,21315,21080
1000,1000,2512,4001,5708,7582,9466,11151,12402,13169,13580,13679,13728,13724,13727,13715,13691,13680,13690,13703,13780,13735,13679,13701,13666,13650,13744,13731,13735,13718,13704,13733,13730,13760,13742,13720,13695,13695,13716,13657,13721,13734,13772,13747,13697,13705,13714,13621,13623,13673,13753,13743,13709,13751,13699,13740,13758,13712,13720,13731,13701,13678,13714,13771,13740,13714,13713,13709,13730,13681,13691,13691,13731,13708,13692,13686,13707,13688,13706,13742,13707,13652,13687,13757,13746,13756,13700,13593,13493,13276,13049,12780,12454,12131,11782,11463
1000,1000,2520,4042,5674,7252,8782,10412,12184,13990,15582,16988,18014,18693,19010,19143,19228,19267,19241,19231
1000,1000,3018,5053,6753,7735,8103,8240,8211,8191,8177,8189,8166,8253,8206,8153,8193,8244,8227,8196,8174,8222,8185,8235,8233,8221,8232,8213,8246,8260,8212,8241,8198,8210,8188,8204,8201,8203,8247,8203,8206,8247,8200,8168,8125,8178,8254,8237,8240,8195,8187,8223,8250,8259,8237,8245,8216,8216,8217,8218,8260,8199,8197,8222,8208,8211,8230,8204,8163,8172,8197,8238,8221,8215,8212,8202,8193,8221,8175,8223,8197,8231,8256,8156,8077,7986,7768,7484,7141,6788,6422,6045,5779,5644,5560,5447
1000,1000,2505,4016,5789,7620,9434,11104,12389,13142,13502,13703,13682,13707,13697,13722,13739,13791,13703,13731
1000,1000,2516,4030,5627,7217,8842,10499,12185,13916,15602,17069,18056,18712,19057,19164,19221,19186,19224,19196,19169,19180,19253,19220,19217,19225,19194,19180,19219,19210,19254,19193,19195,19242,19253,19262,19210,19240,19199,19267,19238,19212,19157,19207,19271,19294,19226,19174,19182,19160,19150,19158,19118,19159,19249,19208,19272,19244,19247,19228,19228,19210,19207,19165,19253,19238,19237,19189,19242,19247,19180,19189,19161,19206,19208,19193,19194,19200,19255,19238,19227,19259,19214,19168,19195,19222,19220,19224,19202,19235,19182,19010,18827,18599,18348,18089
1000,1988,3988,4980,5462,5443,5487,5488,5485,5495,5491,5466,5442,5451,5467,5442,5431,5434,5473,5442,5436,5483,5485,5456,5466,5484,5457,5440,5431,5476,5471,5493,5484,5474,5440,5476,5479,5489,5468,5464,5489,5495,5475,5440,5468,5491,5443,5458,5435,5429,5434,5481,5478,5471,5480,5494,5493,5442,5476,5491,5460,5448,5479,5497,5462,5462,5471,5484,5461,5491,5444,5444,5461,5437,5438,5478,5461,5483,5468,5478,5482,5454,5402,5364,5257,5013,4683,4297,3881,3502,3189,2953,2808,2742,2730
1000,1000,2506,3992,5625,7218,8796,10392,11938,13645,15377,17061,18603,19864,20808,21418,21759,21932,22010,21999
1000,1000,2526,4003,5711,7510,9437,11137,12331,13138,13561,13698,13702,13738,13711,13726,13743,13760,13755,13761
1000,2000,4000,4973,5436,5445,5489,5476,5448,5452,5471,5481,5458,5488,5441,5447,5442,5482,5442,5440,5444,5455,5451,5440,5449,5488,5499,5450,5455,5484,5490,5496,5481,5437,5431,5474,5449,5438,5477,5497,5458,5437,5457,5492,5486,5468,5477,5464,5448,5453,5441,5447,5466,5476,5455,5462,5443,5479,5462,5473,5463,5474,5451,5461,5487,5478,5475,5441,5474,5457,5444,5458,5480,5465,5464,5471,5470,5450,5489,5463,5455,5430,5393,5269,5049,4750,4414,3989,3589,3254,3020,2869,2784,2765,2744
1000,1000,2513,4243,6259,8168,9569,10384,10827,10932,10987,10938,10991,10981,10973,11009,11001,11003,10994,10975
1000,1000,2519,4034,5611,7288,9009,10840,12589,14076,15187,15905,16237,16364,16422,16452,16429,16512,16491,16452
1000,1000,2524,4052,5648,7236,8928,10750,12550,14094,15246,15962,16246,16427,16432,16427,16442,16450,16456,16403,16477,16488,16457,16447,16461,16422,16406,16477,16439,16472,16451,16443,16483,16468,16497,16472,16498,16473,16502,16451,16390,16416,16457,16522,16506,16427,16461,16440,16417,16359,16392,16436,16442,16522,16512,16443,16500,16479,16451,16475,16521,16497,16438,16452,16499,16470,16470,16468,16493,16457,16419,16438,16444,16494,16472,16463,16478,16484,16486,16443,16471,16453,16403,16481,16473,16492,16528,16485,16416,16351,16168,15926,15697,15427,15127,14750
1000,1000,2527,4037,5660,7275,8903,10813,12561,14053,15155,15930,16279,16431,16471,16490,16476,16482,16465,16493
1000,1000,3027,5052,6777,7695,8052,8218,8201,8215,8222,8218,8218,8242,8267,8225,8170,8219,8266
1000,1000,2527,4046,5653,7237,8715,10335,11981,13722,15410,17104,18613,19856,20838,21449,21720,21865,21902,21974
1000,2000,4000,4982,5433,5471,5458,5470,5451,5445,5457,5490,5465,5491,5444,5468,5495,5500,5468,5468,5478,5488,5444,5482,5465,5471,5463,5476,5466,5436,5434,5477,5439,5457,5453,5478,5447,5463,5440,5450,5439,5429,5429,5444,5483,5498,5486,5456,5478,5465,5486,5496,5473,5441,5437,5463,5436,5475,5445,5459,5439,5430,5454,5460,5434,5465,5465,5438,5452,5479,5491,5480,5477,5455,5484,5496,5481,5477,5483,5494,5449,5469,5392,5307,5143,4882,4490,4091,3710,3375,3067,2864,2811,2763,2702,2726
1000,1000,3008,5013,6776,7712,8064,8216,8204,8206,8258,8264,8270,8223,8237,8253,8207,8169,8175
1000,1000,2514,4264,6282,8151,9529,10447,10849,10960,10972,10962,10940,10931,10983,10916,10932,10969,10996,10999,10980,10947,10914,10947,10973,10971,11004,10959,10966,10937,10986,10979,10989,10960,10958,10942,10947,10943,10964,10993,10970,10991,10985,10972,10930,10889,10877,10916,10983,11003,10985,10958,10969,10978,10973,10974,10976,10951,10997,10932,10992,10979,10990,10941,10929,10958,10972,10976,10944,10929,10924,10954,10961,10923,10965,10982,10967,10971,10988,10959,10935,10935,11007,10999,10935,10876,10792,10612,10386,10117,9816,9430,9067,8743,8532,8336
