mixnet-00501,mixnet-00502,mixnet-00503,mixnet-00504,mixnet-00505,mixnet-00506,mixnet-00507,mixnet-00508,mixnet-00509,mixnet-00511,mixnet-00512,mixnet-00513,mixnet-00515,mixnet-00516,mixnet-00517,mixnet-00518,mixnet-00519,mixnet-00520,mixnet-00521
500,500,1264,2021,2814,3603,4380,5168,6026,6831,7616,8469,9245,9823,10310,10624,10832,10968,10942,10943,10929,10930,10929,10970,11004,11001,10981,10952,10905,10894,10957,10964,10945,10938,10950,11029,10989,10949,10951,10954,10989,11020,11014,10925,10947,10919,10929,10891,10941,11009,11030,10986,10982,11009,10948,10933,10944,10966,10980,10996,11036,11001,11028,10984,10938,10985,10987,10888,10866,10885,10952,10977,10974,10935,10992,10983,10969,10956,10947,11003,10969,10956,10962,11007,10936,10890,10902,10945,10939,10956,11047,10985,11013,10971,10950,10901,10838,10750,10644
500,500,1251,2084,3039,3858,4587,5174,5387,5442,5421,5453,5414,5465,5470,5452,5445,5444,5460,5446,5493,5471,5438,5415,5428,5498,5460,5487,5504,5479,5440,5447,5478,5492,5460,5508,5500,5469,5466,5408,5396,5433,5491,5507,5453,5474,5432,5469,5463,5466,5461,5459,5455,5471,5483,5461,5485,5480,5436,5472,5384,5372,5457,5482,5519,5490,5485,5533,5471,5432,5488,5435,5463,5501,5496,5493,5510,5437,5451,5490,5415,5444,5466,5486,5496,5515,5469,5456,5369,5347,5227,5103,4960,4789,4530,4364,4290,4214,4190
500,500,1277,2051,2839,3551,4365,5294,6193,7010,7765,8472,8986,9325,9490,9554,9609,9615,9600,9577
500,500,1252,1985,2833,3654,4421,5169,6015,6800,7703,8605,9460,10395,11184,11813,11976,11789,11513,11279
500,500,1270,2016,2825,3618,4342,5124,6009,6906,7728,8530,9287,9940,10404,10697,10855,10956,10985,10953
500,500,1262,2063,2843,3678,4513,5288,6139,6907,7535,7926,8079,8167,8162,8199,8210,8181,8209,8226,8224,8224,8260,8250,8249,8169,8207,8216,8241,8203,8207,8243,8260,8226,8207,8150,8200,8253,8251,8289,8249,8189,8176,8203,8168,8195,8220,8254,8222,8195,8221,8187,8206,8203,8221,8210,8265,8231,8291,8265,8236,8207,8193,8208,8145,8122,8161,8196,8248,8256,8203,8261,8232,8208,8215,8217,8200,8241,8281,8272,8234,8203,8202,8182,8173,8221,8247,8258,8267,8251,8195,8145,8106,8048,7927,7806,7597,7411,7220
500,760,1760,2378,2671,2709,2707,2703,2684,2694,2731,2720,2733,2705,2715,2692,2707,2732,2707,2718,2714,2738,2729,2739,2742,2720,2733,2703,2697,2711,2715,2727,2742,2749,2734,2706,2710,2702,2682,2709,2713,2722,2741,2749,2732,2743,2727,2688,2734,2727,2742,2715,2713,2713,2696,2736,2703,2692,2704,2739,2741,2738,2745,2719,2722,2743,2703,2718,2741,2725,2706,2720,2689,2716,2709,2695,2682,2704,2684,2697,2732,2696,2690,2687,2681,2642,2551,2491,2334,2114,1936,1701,1555,1449,1424,1392,1387,1349,1347
500,500,1250,2043,2880,3631,4354,5217,6120,6994,7828,8773,9710,10406,10748,10573,10219,9911,9698,9602
500,500,1275,2046,2801,3628,4488,5422,6316,7083,8011,9155,9540,9442,8950,8511,8319,8237,8208,8243
500,500,1269,2139,3166,4066,4731,5178,5431,5439,5446,5442,5491,5491,5419,5461,5444,5483,5486,5475
500,500,1255,2004,2888,3843,4746,5545,6209,7352,8708,8388,7649,7161,6878,6851,6842,6853,6841,6862
500,500,1272,2139,3118,4047,4778,5187,5392,5462,5491,5454,5489,5479,5485,5501,5449,5434,5443,5452
500,500,1252,2005,2814,3628,4424,5245,6092,6860,7674,8428,8914,9269,9486,9511,9585,9543,9522,9556,9576,9548,9572,9607,9623,9571,9530,9555,9573,9603,9595,9578,9604,9647,9661,9647,9578,9559,9580,9632,9630,9625,9563,9553,9558,9544,9550,9612,9628,9610,9566,9575,9580,9551,9558,9576,9620,9598,9584,9632,9658,9645,9587,9569,9571,9585,9493,9484,9566,9645,9625,9642,9607,9607,9622,9585,9590,9559,9569,9634,9631,9645,9592,9579,9511,9551,9572,9628,9596,9637,9603,9596,9571,9477,9458,9358,9296,9091,8867
500,500,1279,2008,2854,3762,4536,5378,6076,6541,6729,6824,6804,6779,6859,6873,6837,6833,6846,6853,6821,6888,6858,6863,6797,6827,6856,6866,6853,6849,6867,6838,6805,6815,6836,6850,6914,6865,6860,6902,6800,6793,6787,6804,6820,6886,6859,6844,6826,6816,6831,6812,6864,6845,6866,6873,6873,6867,6835,6827,6869,6818,6765,6750,6765,6830,6850,6875,6915,6848,6859,6835,6796,6802,6869,6822,6883,6877,6838,6838,6836,6797,6787,6799,6839,6891,6875,6878,6837,6797,6741,6697,6578,6438,6271,6066,5893,5742,5639
500,500,1382,2338,3188,3744,4030,4115,4072,4041,4088,4063,4080,4097,4107,4120,4058,4106,4098,4118,4091,4065,4087,4084,4123,4098,4097,4131,4094,4060,4085,4081,4081,4091,4119,4117,4095,4095,4070,4068,4092,4073,4076,4060,4065,4119,4128,4097,4095,4073,4091,4116,4126,4142,4069,4092,4118,4065,4034,4052,4059,4101,4132,4087,4086,4095,4117,4073,4061,4093,4098,4099,4104,4112,4109,4112,4071,4097,4102,4067,4081,4128,4110,4108,4101,4103,4020,3965,3913,3795,3649,3458,3282,3027,2912,2825,2812,2769,2736
500,500,1251,2015,2785,3664,4566,5450,6277,6976,7577,7978,8175,8238,8226,8242,8201,8184,8241,8206
500,500,1518,2519,3405,3858,4025,4098,4109,4072,4105,4062,4106,4106,4078,4053,4066,4073,4114
500,500,1517,2507,3343,3810,4001,4112,4086,4073,4086,4086,4101,4063,4062,4112,4091,4057,4077
500,500,1260,2051,2898,3794,4713,5561,6135,6550,6794,6808,6827,6813,6796,6856,6849,6887,6845,6839
