mixnet-00501,mixnet-00502,mixnet-00503,mixnet-00505,mixnet-00506,mixnet-00507,mixnet-00508,mixnet-00509,mixnet-00510,mixnet-00511,mixnet-00512,mixnet-00513,mixnet-00514,mixnet-00515,mixnet-00516,mixnet-00517,mixnet-00519,mixnet-00520,mixnet-00521
500,500,1251,2018,2797,3674,4534,5321,5989,6426,6684,6801,6843,6788,6839,6863,6832,6840,6849,6827,6802,6816,6801,6818,6869,6842,6820,6843,6793,6898,6842,6850,6814,6792,6836,6814,6846,6819,6841,6851,6844,6852,6819,6826,6839,6844,6890,6912,6874,6849,6804,6880,6869,6843,6774,6839,6861,6890,6856,6789,6875,6874,6859,6847,6842,6815,6864,6817,6829,6853,6823,6879,6856,6821,6838,6828,6797,6835,6855,6803,6858,6852,6844,6851,6854,6872,6840,6840,6775,6763,6631,6523,6367,6147,5951
500,500,1517,2521,3347,3833,3990,4109,4094,4135,4121,4126,4075,4081,4094,4046,4082,4092,4075
500,500,1277,2005,2844,3659,4458,5302,6109,6969,7841,8472,8989,9308,9491,9548,9561,9540,9577,9599
500,500,1253,2260,3442,4513,5515,6313,7058,7544,7897,8061,8193,8233,8259,8225,8257,8246,8208,8173
500,500,1253,2148,3134,4058,4780,5210,5394,5427,5459,5438,5449,5448,5442,5486,5485,5488,5482,5427
500,500,1260,1994,2798,3725,4633,5632,6682,7706,8584,9365,9926,10358,10674,10852,10978,10988,11035,10932
500,632,1632,2316,2602,2722,2738,2724,2736,2710,2688,2719,2719,2693,2717,2737,2700,2712,2709,2739,2711,2708,2722,2711,2727,2702,2687,2713,2696,2732,2726,2716,2725,2739,2720,2733,2731,2746,2714,2709,2730,2741,2726,2736,2734,2716,2734,2724,2692,2695,2709,2722,2725,2721,2708,2715,2739,2743,2710,2684,2718,2697,2712,2691,2699,2682,2713,2686,2721,2692,2712,2726,2741,2743,2710,2686,2726,2733,2740,2689,2703,2718,2672,2653,2623,2584,2435,2212,1979,1820,1650,1504,1386,1388
500,500,1316,2266,3112,3665,3937,4068,4134,4119,4063,4055,4123,4065,4073,4106,4077,4088,4046,4095,4132,4071,4066,4060,4087,4140,4085,4108,4057,4039,4059,4076,4061,4103,4096,4072,4079,4084,4084,4090,4085,4109,4067,4064,4096,4088,4064,4106,4104,4108,4066,4056,4082,4122,4116,4095,4073,4104,4134,4101,4097,4061,4115,4126,4090,4070,4119,4093,4111,4074,4082,4084,4038,4102,4128,4080,4081,4061,4087,4125,4056,4115,4097,4078,4053,3994,3999,3934,3715,3523,3304,3170,2972,2891,2818
500,500,1266,2132,3155,4096,4708,5152,5343,5452,5515,5473,5471,5479,5497,5447,5420,5447,5411,5467
500,500,1264,2047,2943,3860,4539,5022,5342,5450,5506,5439,5457,5446,5472,5473,5461,5501,5446,5400,5479,5518,5486,5496,5450,5427,5467,5456,5506,5505,5419,5461,5418,5439,5476,5442,5499,5500,5467,5454,5453,5483,5476,5476,5482,5514,5510,5472,5419,5467,5494,5486,5410,5424,5452,5498,5470,5446,5446,5506,5530,5444,5413,5454,5471,5434,5433,5426,5504,5449,5425,5509,5440,5434,5476,5469,5462,5508,5429,5495,5492,5448,5479,5445,5457,5431,5387,5388,5296,5242,5030,4854,4635,4464,4330
500,500,1279,2041,2803,3635,4381,5144,5974,6857,7618,8307,8861,9202,9426,9511,9499,9557,9572,9567,9617,9627,9605,9562,9639,9622,9595,9578,9625,9541,9564,9592,9583,9595,9612,9603,9563,9549,9586,9633,9603,9567,9581,9566,9603,9606,9516,9546,9606,9614,9662,9630,9550,9571,9566,9589,9583,9563,9583,9618,9595,9586,9634,9611,9590,9634,9608,9557,9564,9573,9545,9544,9579,9599,9599,9583,9637,9620,9560,9600,9590,9570,9613,9642,9615,9619,9576,9577,9566,9630,9586,9537,9472,9431,9352
500,500,1266,2043,2854,3656,4504,5378,6281,7011,7554,7920,8109,8187,8206,8139,8186,8247,8242,8245
500,500,1258,2046,2850,3798,4733,5568,6192,6524,6771,6825,6813,6817,6802,6816,6861,6816,6837,6856
500,500,1279,2074,2837,3601,4413,5219,5970,6771,7608,8425,9162,9792,10274,10641,10807,10894,10950,10910,10939,10953,11008,10950,10954,11020,10976,10984,11016,10988,10927,10956,10972,10928,10926,10998,11002,10970,10943,10949,11002,10994,10973,10929,10920,10986,10971,10944,10925,10940,10968,11035,11001,10967,11000,10938,10967,10935,10941,10979,10979,10933,10978,11017,11008,10953,10966,10973,11007,11001,10951,10938,10948,10978,11002,10952,10923,11016,10957,10954,10963,10962,10946,10928,10973,10976,10998,10963,10940,10941,10988,11018,10989,10900,10833
500,500,1269,2011,2791,3619,4391,5227,6073,6858,7730,8564,9328,9955,10393,10664,10863,10929,10902,10928
500,500,1786,2923,3917,4811,5551,6113,6477,6722,6847,6851,6878,6890,6868,6844,6853,6790,6771
500,500,1268,2035,2795,3595,4400,5253,6107,6847,7419,7805,8072,8136,8170,8189,8220,8261,8245,8233,8238,8226,8203,8221,8198,8216,8177,8215,8214,8167,8243,8235,8266,8226,8197,8164,8207,8207,8204,8196,8185,8219,8186,8178,8198,8170,8180,8260,8233,8255,8232,8182,8184,8261,8224,8207,8153,8184,8264,8233,8203,8260,8252,8245,8257,8228,8178,8228,8229,8213,8182,8233,8262,8233,8228,8238,8225,8171,8225,8227,8205,8232,8242,8224,8190,8216,8205,8239,8228,8224,8176,8094,8017,7870,7655
500,500,1501,2520,3382,3866,4090,4062,4038,4060,4134,4082,4098,4110,4117,4095,4100,4107,4083
500,500,1278,2016,2992,4009,5072,6111,7052,7871,8513,8952,9289,9462,9600,9629,9622,9583,9563,9574
