mixnet-00501,mixnet-00502,mixnet-00503,mixnet-00504,mixnet-00505,mixnet-00506,mixnet-00507,mixnet-00508,mixnet-00509,mixnet-00510,mixnet-00511,mixnet-00512,mixnet-00513,mixnet-00514,mixnet-00515,mixnet-00516,mixnet-00517,mixnet-00518,mixnet-00519,mixnet-00520,mixnet-00521
500,500,1270,2062,2822,3606,4379,5253,6008,6829,7691,8558,9366,9967,10442,10655,10808,10938,10927,10923,10944,10955,10923,10913,10913,10954,10929,11023,11007,11020,10987,10993,10948,10936,10937,10910,10937,10942,10922,10932,10987,10961,10953,10998,10979,10981,10951,10979,10983,10974,10921,10965,11004,10947,10906,10908,10896,10942,10989,10932,10949,10984,10998,10986,10940,10951,10958
500,500,1277,2065,2904,3753,4678,5469,6144,6527,6746,6850,6857,6834,6836,6833,6847,6888,6878,6810,6789,6805,6803,6869,6864,6896,6850,6830,6815,6836,6839,6777,6791,6832,6847,6839,6826,6833,6835,6860,6829,6902,6896,6854,6853,6808,6787,6853,6856,6818,6869,6889,6845,6834,6834,6817,6860,6847,6833,6820,6826,6854,6869,6795,6626,6403,6220
500,500,1256,2049,2852,3657,4436,5224,6080,7005,7820,8527,8957,9290,9475,9554,9612,9574,9576,9591,9607,9554,9580,9568,9555,9588,9639,9600,9608,9625,9621,9603,9565,9561,9534,9555,9605,9597,9611,9625,9575,9569,9630,9634,9565,9589,9630,9572,9545,9564,9573,9624,9562,9491,9523,9553,9572,9590,9576,9564,9640,9593,9613,9587,9579,9605,9563
500,500,1275,2167,3104,3997,4727,5195,5421,5513,5546,5462,5414,5452,5448,5485,5463,5440,5393,5401,5453,5471,5492,5484,5481,5497,5492,5492,5445,5442,5449,5460,5521,5499,5433,5485,5460,5477,5500,5509,5537,5519,5421,5407,5409,5453,5468,5492,5472,5495,5522,5463,5440,5412,5451,5468,5474,5437,5474,5511,5503,5459,5309,5144,4846,4625,4429
500,500,1472,2449,3293,3848,4066,4135,4065,4088,4056,4078,4144,4091,4029,4072,4104,4076,4030,4104,4103,4122,4090,4080,4079,4071,4065,4108,4055,4085,4097,4067,4089,4106,4067,4103,4081,4044,4093,4134,4119,4077,4101,4105,4049,4078,4116,4115,4104,4067,4049,4081,4081,4051,4101,4116,4056,4041,4051,4102,4040,3905,3635,3358,3105,2894,2797
500,500,1258,2060,2870,3669,4538,5393,6227,7015,7597,7938,8149,8203,8231,8237,8171,8183,8229,8191,8180,8225,8197,8221,8179,8211,8293,8289,8231,8183,8210,8235,8202,8152,8162,8216,8218,8175,8165,8190,8229,8187,8236,8208,8248,8229,8201,8178,8211,8229,8163,8235,8244,8239,8204,8162,8213,8214,8191,8218,8219,8163,8197,8259,8215,8079,7954
500,500,1273,2040,2853,3799,4723,5542,6143,6548,6787,6851,6833,6824,6826,6830,6840,6786,6846,6813,6764,6808,6846,6894,6865,6891,6889,6876,6840,6798,6779,6811,6822,6814,6852,6858,6817,6799,6834,6899,6892,6833,6818,6843,6815,6841,6782,6812,6783,6823,6835,6760,6800,6872,6890,6889,6826,6865,6879,6837,6847,6833,6860,6812,6619,6428,6266
500,979,1979,2471,2723,2711,2735,2726,2706,2692,2706,2726,2732,2690,2702,2725,2734,2707,2740,2714,2693,2736,2729,2701,2707,2694,2686,2687,2689,2706,2684,2723,2689,2727,2736,2733,2744,2737,2741,2698,2699,2708,2738,2739,2705,2733,2708,2714,2689,2680,2708,2723,2739,2720,2695,2734,2746,2696,2644,2546,2324,2038,1705,1520,1404,1335
500,500,1508,2481,3324,3817,4040,4140,4138,4112,4070,4038,4135,4135,4096,4089,4084,4059,4085,4153,4097,4077,4136,4109,4122,4103,4080,4067,4050,4109,4084,4105,4086,4035,4065,4094,4063,4102,4112,4114,4089,4032,4041,4110,4107,4132,4097,4111,4119,4091,4046,4017,4047,4110,4107,4043,4086,4110,4112,4060,3972,3850,3580,3317,3073,2886,2782
500,500,1259,2038,2789,3634,4454,5424,6267,6989,7543,7911,8121,8147,8174,8232,8236,8209,8256,8263,8238,8206,8107,8120,8172,8233,8255,8258,8291,8241,8215,8231,8218,8155,8229,8264,8171,8187,8217,8225,8224,8197,8210,8158,8214,8240,8270,8245,8224,8215,8180,8238,8273,8224,8209,8196,8241,8227,8243,8273,8233,8165,8164,8155,8213,8093,7968
500,500,1257,2128,3137,4085,4734,5192,5451,5499,5469,5439,5473,5489,5464,5421,5457,5474,5478,5434,5495,5501,5487,5473,5508,5494,5445,5427,5405,5429,5463,5488,5471,5453,5422,5465,5453,5464,5513,5442,5408,5449,5434,5446,5431,5458,5446,5470,5489,5478,5406,5419,5520,5511,5484,5453,5465,5454,5400,5469,5469,5434,5318,5114,4883,4666,4451
500,500,1270,2064,2826,3631,4465,5395,6319,7029,7524,7907,8110,8227,8202,8199,8202,8195,8204,8238,8183,8154,8164,8200,8210,8257,8246,8231,8287,8235,8196,8159,8201,8152,8197,8260,8232,8199,8172,8169,8223,8285,8233,8220,8168,8245,8203,8187,8236,8206,8211,8170,8134,8158,8197,8234,8240,8202,8221,8225,8219,8173,8208,8185,8166,8065,7902
500,927,1927,2455,2727,2718,2698,2699,2686,2704,2702,2734,2734,2690,2724,2745,2705,2691,2714,2744,2704,2718,2703,2729,2705,2711,2713,2708,2697,2721,2719,2717,2739,2691,2705,2728,2692,2730,2732,2732,2710,2733,2710,2712,2723,2743,2729,2723,2688,2698,2720,2713,2708,2699,2729,2715,2689,2726,2695,2599,2370,2061,1740,1557,1392,1374
500,500,1251,2159,3084,3973,4720,5195,5427,5441,5450,5442,5471,5522,5497,5459,5486,5489,5446,5409,5446,5473,5530,5528,5485,5474,5450,5450,5425,5421,5426,5456,5425,5475,5468,5429,5493,5441,5383,5403,5522,5477,5450,5515,5456,5442,5450,5488,5518,5538,5468,5441,5483,5413,5430,5492,5492,5504,5424,5454,5447,5433,5362,5164,4935,4706,4455
500,500,1255,2041,2821,3599,4393,5191,6053,6860,7721,8540,9262,9870,10390,10729,10889,11006,10956,10965,10976,10967,10924,10946,10984,10998,10941,10916,11004,11061,11008,10927,10935,10991,10936,10944,10901,10934,11006,11001,10916,10987,10941,10991,10990,10953,10996,10982,10944,10917,11004,10971,10932,10971,10946,11049,10968,10959,10939,10930,10974,11000,10980,10947,10922,10982,10941
500,500,1277,2064,2834,3635,4374,5172,6094,6986,7843,8502,8983,9284,9474,9561,9578,9562,9597,9600,9623,9640,9623,9560,9520,9538,9612,9604,9617,9637,9612,9569,9606,9577,9554,9609,9610,9552,9546,9577,9561,9606,9598,9560,9545,9569,9567,9573,9615,9655,9576,9560,9597,9623,9584,9581,9527,9605,9551,9583,9616,9660,9626,9542,9542,9600,9544
500,500,1257,2038,2874,3780,4703,5507,6143,6560,6733,6798,6781,6811,6864,6859,6820,6830,6885,6810,6766,6756,6757,6875,6898,6903,6891,6859,6833,6828,6852,6834,6793,6835,6881,6804,6815,6897,6849,6797,6815,6809,6813,6838,6855,6870,6822,6782,6803,6863,6892,6862,6861,6828,6802,6826,6835,6834,6847,6814,6792,6828,6844,6786,6679,6444,6248
500,1000,2000,2492,2696,2685,2731,2694,2694,2689,2685,2705,2684,2725,2733,2698,2704,2723,2709,2719,2744,2740,2747,2702,2682,2678,2677,2713,2700,2719,2741,2705,2715,2716,2739,2717,2696,2692,2708,2740,2729,2703,2711,2729,2722,2714,2704,2698,2713,2729,2734,2715,2686,2734,2705,2701,2734,2736,2687,2535,2288,1998,1745,1510,1398,1335
500,500,1508,2547,3414,3822,4048,4128,4096,4087,4067,4105,4060,4057,4080,4096,4093,4102,4076,4073,4078,4053,4106,4137,4141,4094,4056,4092,4078,4065,4103,4078,4064,4060,4098,4142,4116,4103,4064,4047,4110,4103,4052,4081,4075,4103,4106,4098,4083,4052,4104,4159,4112,4088,4102,4044,4063,4068,4128,4137,4001,3820,3585,3326,3089,2880,2761
500,500,1252,2028,2797,3635,4430,5290,6096,6950,7752,8440,8971,9327,9518,9592,9610,9601,9578,9593,9527,9525,9520,9591,9599,9543,9538,9638,9671,9636,9556,9574,9634,9608,9537,9544,9599,9613,9602,9528,9573,9602,9580,9603,9598,9603,9616,9584,9541,9606,9580,9551,9595,9655,9656,9609,9524,9604,9574,9570,9605,9598,9541,9522,9613,9579,9511
500,500,1253,2037,2851,3666,4442,5197,5996,6784,7643,8555,9358,9930,10376,10654,10860,10942,10972,10979,10967,10953,10952,10997,10975,10932,10914,10941,10995,10997,11005,11017,10967,10932,10961,10937,10956,11005,10977,10952,10899,10940,10936,10938,10941,10969,10974,10947,10904,10963,11019,10969,10945,10988,11004,11026,10957,10946,10978,10944,10915,10966,11001,11023,10944,10943,10961
