mixnet-01001,mixnet-01002,mixnet-01003,mixnet-01004,mixnet-01005,mixnet-01006,mixnet-01007,mixnet-01008,mixnet-01009,mixnet-01010,mixnet-01011,mixnet-01012,mixnet-01013,mixnet-01014,mixnet-01015,mixnet-01016,mixnet-01017,mixnet-01018,mixnet-01019,mixnet-01020,mixnet-01021
1000,1000,3025,4986,6674,7672,8076,8201,8263,8232,8191,8242,8235,8203,8189,8148,8195,8261,8260,8226,8249,8226,8254,8232,8216,8234,8255,8206,8226,8216,8177,8154,8215,8221,8231,8162,8171,8193,8249,8249,8202,8194,8272,8256,8268,8236,8160,8173,8220,8207,8203,8201,8189,8219,8220,8201,8212,8226,8224,8201,8180,8237,8203,8208,8188,8245,8232,8191,8167,8208,8253,8205,8165,8211,8189,8249,8234,8216,8200,8209,8246,8192,8087,7989,7872,7656,7329,7016,6646,6296,6003,5755,5622,5586,5507
1000,1000,2503,4248,6214,8117,9524,10399,10821,10942,10984,11000,10962,10917,10936,10975,10954,10982,10989,10970,11034,11010,10978,10957,10916,10977,10964,11004,11035,10969,10948,10944,10935,10952,10963,10971,10970,10931,10929,10907,10912,11010,10974,10993,11029,10992,10980,10959,10970,10971,10979,10999,11024,10939,10944,10959,10976,10991,10935,10902,10940,10933,10955,10965,10954,10977,10929,10928,10991,10986,10993,10979,10959,10944,10911,10924,10967,10942,10961,10965,11010,11007,10900,10835,10860,10792,10619,10325,10009,9703,9350,9042,8763,8518,8437
1000,1000,2515,4002,5648,7323,9002,10809,12557,13983,15097,15869,16244,16364,16413,16442,16437,16419,16427,16458,16565,16565,16485,16440,16399,16461,16481,16467,16498,16505,16442,16454,16447,16469,16436,16368,16433,16491,16476,16422,16422,16488,16510,16505,16389,16427,16493,16442,16473,16485,16468,16493,16506,16442,16404,16408,16456,16516,16497,16440,16426,16419,16415,16422,16416,16486,16535,16496,16490,16446,16484,16508,16460,16457,16431,16445,16427,16459,16450,16426,16474,16469,16444,16448,16482,16451,16408,16402,16328,16144,15930,15670,15343,15064,14716
1000,1000,2506,3990,5626,7263,8758,10318,11960,13733,15406,17094,18665,19897,20771,21395,21696,21891,21973,21920,21917,21921,21981,21950,21999,21990,21988,21970,22011,21991,21960,21979,21948,21980,21957,21968,21969,21955,21977,22010,21948,21923,21947,21925,21966,21954,21919,21920,21971,21971,22023,21948,21984,21991,21963,21958,22016,21990,21985,22000,21895,21934,21996,21951,22005,21935,21925,21964,21980,21986,21934,21961,21944,21986,21972,21894,21934,21985,22025,21954,21946,21945,21982,21977,21953,21947,21949,21954,21928,21904,21916,21753,21644,21527,21264
1000,1000,2514,4301,6244,8093,9526,10370,10775,10946,10930,10945,11016,11001,10990,10966,10909,10925,10956,11002,10994,10974,10918,10963,10995,10991,10983,10996,10990,10990,10998,10944,10925,10914,10984,10998,10949,10929,10941,10980,11000,10956,10940,10950,11008,11064,11024,10963,10937,10915,10966,10977,10961,10922,10967,10976,10931,10925,10933,10979,10951,10964,10957,10961,10987,10958,10941,10988,11017,10925,10989,10982,10987,10962,10906,10946,10993,10974,11005,10987,10962,10991,10977,10905,10840,10709,10563,10314,9989,9692,9353,9012,8679,8464,8414
1000,1935,3923,4953,5430,5431,5480,5496,5475,5468,5437,5432,5444,5483,5476,5462,5482,5441,5452,5449,5457,5462,5472,5441,5466,5485,5439,5447,5444,5472,5466,5460,5458,5473,5463,5444,5436,5455,5486,5462,5481,5483,5456,5462,5441,5447,5466,5456,5488,5441,5441,5475,5460,5455,5433,5435,5449,5436,5450,5491,5460,5480,5467,5442,5461,5437,5470,5444,5479,5478,5457,5454,5435,5480,5476,5474,5466,5465,5487,5426,5396,5362,5240,5002,4730,4391,4035,3656,3360,3134,2972,2829,2773,2743
1000,1000,2503,4006,5631,7241,8838,10503,12187,13939,15596,17014,18001,18666,18968,19100,19188,19214,19277,19243,19132,19180,19189,19258,19317,19269,19203,19216,19175,19177,19238,19220,19253,19267,19237,19217,19167,19153,19171,19202,19224,19182,19125,19194,19264,19239,19182,19199,19208,19311,19280,19243,19251,19168,19138,19199,19164,19193,19227,19221,19194,19248,19216,19208,19192,19205,19180,19201,19250,19171,19229,19220,19239,19242,19200,19207,19196,19177,19149,19154,19186,19231,19237,19263,19242,19220,19183,19199,19162,19111,18987,18759,18627,18375,18043
1000,1000,2522,4056,5616,7190,8811,10517,12249,13981,15534,16945,17942,18621,18981,19080,19166,19195,19176,19150,19189,19205,19295,19324,19200,19140,19210,19189,19201,19265,19215,19211,19214,19172,19219,19180,19149,19177,19242,19218,19218,19180,19208,19282,19265,19196,19206,19206,19167,19195,19175,19249,19252,19255,19209,19198,19154,19160,19246,19253,19257,19199,19218,19193,19126,19135,19235,19232,19242,19234,19225,19258,19260,19220,19203,19233,19231,19213,19251,19173,19182,19244,19227,19187,19223,19262,19242,19179,19140,19097,18963,18862,18625,18352,18026
1000,1000,2512,4051,5678,7190,8789,10513,12247,13999,15572,17010,17993,18604,18993,19113,19195,19212,19199,19163,19197,19190,19210,19219,19204,19234,19224,19205,19204,19193,19221,19187,19229,19235,19224,19237,19214,19224,19213,19168,19155,19243,19223,19231,19185,19118,19162,19224,19234,19238,19217,19229,19238,19219,19251,19286,19267,19241,19202,19142,19198,19271,19244,19219,19182,19139,19208,19201,19195,19222,19223,19239,19243,19227,19169,19208,19291,19257,19175,19178,19199,19225,19218,19186,19208,19196,19189,19192,19154,19075,18980,18817,18631,18317,18040
1000,1000,2505,4023,5607,7209,8731,10363,12002,13730,15415,17100,18611,19869,20792,21386,21723,21876,21929,21915,21907,21893,21902,22027,22057,21980,21954,21925,21884,21959,21979,21974,22012,22004,21938,21968,21931,21921,21918,21913,21952,21974,21911,21946,21969,21985,21950,21982,21957,21942,21901,21943,21985,22011,22010,21952,21979,21890,21945,21965,22009,22009,21979,22013,21957,21869,21916,21989,21946,21981,21958,21993,21989,22004,21987,21971,21999,21983,21971,21960,21898,21915,21943,21929,21914,21933,22010,22008,21957,21943,21866,21769,21680,21514,21288
1000,1954,3907,4911,5403,5465,5465,5488,5451,5452,5449,5489,5470,5492,5482,5481,5442,5428,5429,5444,5467,5440,5440,5466,5456,5446,5485,5461,5462,5457,5457,5479,5461,5435,5430,5472,5444,5435,5445,5453,5483,5452,5476,5461,5447,5487,5461,5478,5489,5446,5437,5487,5450,5457,5468,5452,5463,5489,5491,5484,5490,5444,5440,5468,5441,5450,5451,5438,5469,5447,5456,5434,5479,5444,5428,5443,5434,5470,5486,5438,5399,5355,5237,5027,4769,4416,4066,3659,3329,3118,2947,2851,2799,2766,2705
1000,1000,2529,4049,5616,7152,8720,10397,12042,13737,15359,17058,18646,19902,20850,21368,21675,21851,21942,22000,21970,21911,21882,21911,21979,22027,22028,21997,21998,21933,21910,21995,21998,21995,22038,22012,21989,21992,21915,21913,21930,21988,21966,21903,21893,21959,21958,21984,21937,21964,21974,21992,22023,22014,21963,21928,21930,21935,21937,21989,21933,21942,21996,21970,21941,21981,22010,21924,21944,21941,21908,21979,21959,21992,22007,21949,21941,21946,21967,21921,21870,21927,21961,21982,22037,22023,21955,21911,21899,21878,21919,21816,21645,21480,21261
1000,1000,2518,4037,5612,7256,9013,10755,12525,14044,15186,15861,16225,16409,16429,16431,16435,16440,16458,16454,16459,16445,16478,16470,16469,16458,16404,16452,16463,16508,16459,16454,16501,16466,16439,16452,16441,16452,16470,16435,16494,16479,16439,16376,16414,16460,16489,16504,16493,16500,16459,16498,16408,16489,16517,16483,16434,16440,16427,16477,16521,16478,16412,16420,16400,16451,16477,16468,16513,16519,16471,16457,16450,16428,16489,16518,16489,16392,16397,16482,16461,16461,16452,16481,16465,16440,16397,16387,16265,16166,15957,15642,15357,15028,14701
1000,1000,2970,4990,6729,7691,8035,8184,8210,8244,8248,8194,8182,8176,8233,8211,8257,8251,8214,8231,8223,8173,8204,8179,8202,8253,8221,8251,8198,8170,8194,8223,8216,8202,8217,8251,8212,8162,8225,8230,8228,8254,8217,8264,8242,8173,8185,8185,8238,8234,8190,8201,8196,8205,8255,8200,8218,8203,8149,8226,8228,8209,8274,8256,8260,8214,8225,8223,8208,8215,8212,8229,8179,8180,8224,8242,8243,8212,8259,8274,8211,8143,8132,8081,7938,7653,7357,7012,6643,6293,6046,5820,5662,5560,5549
1000,1000,2505,4022,5767,7543,9407,11141,12346,13141,13525,13617,13681,13730,13770,13727,13721,13655,13622,13708,13747,13785,13743,13702,13652,13706,13718,13726,13768,13719,13710,13778,13709,13695,13653,13682,13674,13677,13658,13687,13706,13736,13748,13691,13665,13721,13784,13799,13768,13684,13624,13686,13695,13749,13713,13714,13742,13746,13689,13698,13731,13693,13742,13700,13727,13762,13729,13675,13731,13752,13745,13704,13698,13735,13685,13641,13694,13691,13665,13750,13753,13753,13750,13741,13702,13649,13556,13426,13203,12969,12713,12350,12027,11643,11398
1000,1000,2515,4020,5726,7571,9403,11051,12347,13131,13472,13660,13745,13705,13649,13690,13690,13708,13699,13682,13701,13755,13752,13761,13718,13688,13700,13716,13730,13740,13698,13751,13743,13674,13683,13731,13713,13709,13702,13703,13660,13639,13652,13679,13765,13722,13736,13732,13727,13707,13689,13700,13710,13796,13720,13677,13687,13717,13739,13738,13680,13649,13657,13726,13713,13744,13762,13686,13707,13677,13684,13725,13718,13737,13721,13642,13676,13663,13719,13706,13689,13728,13768,13705,13617,13610,13576,13479,13226,12993,12652,12332,12057,11689,11446
1000,1000,2527,4296,6235,8058,9491,10345,10726,10909,10976,10973,10933,10926,10929,10930,11043,11013,11040,10935,10862,10898,10992,10945,10993,11003,10938,10972,10918,10954,10988,10907,10918,10941,10996,10989,10955,10936,10972,10956,10936,10926,10950,10947,11002,10937,10995,10990,10944,10921,11023,10969,10953,10978,10999,10974,10968,10929,10921,10957,10960,11002,11022,11032,10990,10953,10924,10983,10999,11004,10921,10907,10923,10971,11047,10977,10998,10947,10901,10932,10979,10963,10969,10926,10873,10754,10572,10344,10031,9740,9396,9026,8716,8545,8455
1000,1000,2526,4071,5673,7271,8931,10802,12536,14059,15210,15860,16228,16362,16433,16455,16522,16523,16452,16368,16413,16484,16498,16549,16506,16412,16434,16442,16484,16511,16493,16490,16509,16471,16477,16446,16441,16459,16431,16419,16412,16404,16477,16521,16458,16412,16471,16519,16560,16566,16449,16465,16418,16403,16479,16465,16456,16508,16521,16452,16478,16467,16445,16473,16418,16472,16490,16495,16420,16424,16498,16509,16497,16462,16484,16451,16424,16472,16422,16438,16458,16490,16476,16492,16454,16476,16417,16394,16257,16092,15887,15663,15400,14991,14623
1000,1000,2996,4977,6626,7633,8016,8213,8214,8240,8196,8198,8169,8212,8237,8278,8277,8219,8198,8147,8227,8256,8226,8189,8232,8166,8200,8214,8195,8229,8181,8186,8270,8272,8223,8215,8240,8231,8237,8194,8235,8216,8239,8241,8205,8211,8220,8171,8235,8265,8216,8192,8220,8204,8233,8184,8197,8186,8215,8207,8260,8286,8190,8226,8199,8199,8239,8224,8194,8185,8201,8210,8223,8267,8206,8193,8193,8138,8215,8259,8226,8190,8144,8069,7924,7681,7404,7086,6670,6342,6017,5781,5643,5626,5542
1000,1000,2520,4059,5821,7543,9405,11121,12285,13043,13493,13685,13682,13681,13725,13672,13685,13739,13778,13818,13762,13655,13652,13693,13660,13736,13714,13736,13714,13699,13698,13721,13697,13677,13670,13739,13775,13729,13701,13710,13748,13739,13683,13652,13691,13734,13689,13704,13756,13711,13717,13769,13701,13680,13709,13745,13767,13729,13692,13655,13724,13667,13707,13767,13764,13788,13771,13699,13717,13736,13783,13725,13700,13672,13683,13740,13736,13774,13712,13692,13724,13692,13731,13711,13714,13689,13621,13486,13238,12979,12731,12402,12059,11706,11443
1000,1996,3962,4937,5462,5482,5498,5452,5484,5445,5450,5465,5451,5455,5451,5482,5496,5461,5454,5455,5485,5444,5444,5433,5470,5462,5433,5435,5433,5438,5448,5460,5472,5465,5440,5469,5485,5483,5480,5468,5467,5487,5488,5441,5458,5435,5437,5470,5467,5451,5441,5476,5453,5489,5470,5490,5463,5487,5479,5489,5492,5494,5449,5483,5487,5481,5442,5444,5489,5474,5445,5436,5445,5485,5447,5460,5441,5456,5449,5469,5397,5307,5194,5014,4731,4358,3964,3613,3283,3050,2933,2795,2773,2717
