mixnet-00501,mixnet-00502,mixnet-00503,mixnet-00504,mixnet-00505,mixnet-00506,mixnet-00507,mixnet-00508,mixnet-00509,mixnet-00510,mixnet-00511,mixnet-00512,mixnet-00513,mixnet-00514,mixnet-00515,mixnet-00516,mixnet-00517,mixnet-00518,mixnet-00519,mixnet-00520,mixnet-00521
500,500,1262,2133,3163,4087,4763,5231,5354,5417,5492,5510,5481,5457,5431,5435,5485,5425,5394,5449
500,500,1267,2029,2827,3627,4618,5838,7022,8020,8813,9492,9986,10444,10700,10861,11003,10937,10918,10893
500,500,1269,2038,2902,3783,4676,5507,6158,6555,6704,6787,6850,6846,6798,6872,6834,6855,6875,6869,6825,6788,6821,6828,6807,6830,6788,6863,6862,6871,6820,6787,6842,6856,6806,6809,6874,6857,6818,6895,6885,6854,6883,6828,6807,6886,6885,6870,6784,6804,6864,6862,6862,6848,6867,6880,6819,6802,6843,6807,6864,6865,6832,6841,6793,6804,6780,6797,6815,6849,6865,6798,6796,6844,6909,6899,6829,6787,6820,6832,6857,6886,6916,6868,6799,6769,6814,6800,6757,6784,6759,6696,6535,6365,6225,6088,6048,5911,5788,5689,5641,5559
500,500,1279,2030,2855,3685,4515,5401,6252,7011,7587,7931,8072,8193,8202,8189,8208,8183,8183,8229,8227,8208,8230,8190,8145,8186,8166,8171,8192,8208,8244,8188,8163,8173,8213,8215,8148,8199,8223,8221,8198,8202,8228,8221,8206,8209,8249,8286,8229,8192,8149,8206,8260,8244,8202,8224,8254,8217,8188,8152,8138,8237,8210,8213,8238,8228,8192,8177,8179,8185,8220,8239,8213,8146,8214,8287,8293,8227,8143,8169,8205,8167,8236,8285,8249,8217,8200,8168,8127,8157,8149,8134,8147,8038,7901,7690,7557,7463,7348,7263,7181,7116
500,500,1268,2012,2847,3815,4725,5570,6233,6553,6739,6832,6833,6869,6847,6796,6778,6865,6825,6769
500,500,1262,2069,2921,3800,4700,5522,6178,6477,6674,6782,6835,6874,6902,6878,6809,6833,6811,6809
500,500,1492,2486,3332,3841,4004,4037,4114,4117,4051,4076,4043,4083,4143,4085,4040,4038,4057,4118,4085,4106,4074,4104,4108,4105,4104,4056,4079,4077,4100,4072,4123,4119,4104,4123,4101,4101,4110,4057,4077,4097,4116,4131,4139,4047,4002,4080,4090,4095,4084,4055,4101,4076,4069,4084,4129,4090,4109,4130,4043,4023,4055,4080,4080,4074,4104,4085,4086,4092,4094,4139,4114,4066,4087,4034,4065,4080,4092,4154,4137,4093,4035,4023,4088,4036,3972,3931,3914,3793,3608,3458,3304,3230,3047,2963,2893,2847,2810,2752,2742,2715
500,937,1936,2439,2687,2722,2720,2709,2721,2744,2723,2685,2685,2691,2688,2725,2729,2745,2736,2724,2720,2736,2706,2695,2709,2727,2725,2740,2705,2708,2696,2731,2743,2736,2740,2712,2701,2733,2728,2740,2716,2692,2695,2693,2690,2706,2686,2693,2724,2721,2699,2717,2730,2725,2707,2682,2687,2737,2712,2697,2735,2708,2705,2739,2693,2682,2726,2725,2722,2738,2689,2709,2730,2702,2683,2728,2731,2738,2725,2687,2674,2683,2719,2705,2666,2598,2563,2461,2319,2166,1992,1881,1708,1639,1535,1454,1416,1403,1373,1385,1363
500,500,1257,2032,2807,3645,4414,5174,6011,6835,7700,8573,9362,9973,10317,10634,10833,10868,10935,11034
500,1000,1999,2471,2694,2720,2706,2688,2710,2697,2686,2701,2683,2687,2720,2737,2736,2735,2731,2702,2693,2699,2685,2691,2679,2715,2703,2688,2709,2730,2715,2740,2712,2681,2693,2721,2745,2718,2736,2712,2733,2748,2721,2715,2736,2718,2688,2713,2737,2732,2707,2738,2743,2712,2734,2720,2709,2690,2680,2713,2726,2712,2727,2728,2726,2724,2728,2742,2729,2723,2697,2719,2718,2740,2703,2727,2698,2687,2724,2731,2738,2734,2735,2723,2658,2595,2517,2447,2289,2148,1974,1873,1732,1624,1540,1446,1413,1384,1345,1358,1369,1376
500,500,1260,2024,2811,3612,4413,5175,5996,6870,7722,8529,9310,9918,10352,10673,10813,10926,11011,10992,10983,10882,10920,10968,10980,11039,10984,10932,10958,10932,10916,10980,10963,10956,10988,10953,10939,10958,10895,10891,10948,11017,10950,10960,10958,11000,10985,10938,10944,10948,11034,10956,10947,10961,10944,10944,10990,10969,10956,10985,11017,11005,10936,10891,10926,10982,10979,10958,10951,10949,10939,10979,10959,10980,10945,10941,10951,10947,10993,11014,10974,10924,10919,10892,10937,10981,10980,10983,10992,10967,10907,10935,10864,10878,10880,10858,10761,10697,10575,10380,10214,10137
500,500,1271,2006,2846,4148,5428,6536,7326,8003,8532,8995,9335,9530,9599,9640,9590,9495,9552,9608
500,500,1271,2047,2856,3609,4410,5289,6142,6997,7792,8489,8964,9201,9406,9562,9579,9574,9650,9621
500,500,1524,2538,3372,3850,4063,4100,4070,4129,4087,4105,4074,4071,4055,4072,4056,4057,4142
500,500,1271,2128,3061,4030,4730,5145,5359,5363,5441,5487,5499,5502,5463,5428,5458,5441,5427,5444
500,500,1251,2020,2803,3644,4410,5241,6125,7003,7809,8494,8982,9267,9485,9557,9574,9609,9545,9557,9563,9547,9630,9631,9634,9565,9557,9542,9574,9560,9579,9616,9596,9615,9551,9569,9572,9548,9558,9606,9618,9575,9571,9609,9601,9592,9556,9590,9638,9622,9576,9502,9569,9590,9626,9610,9608,9608,9618,9631,9580,9526,9569,9552,9584,9589,9592,9606,9578,9564,9590,9582,9602,9582,9533,9567,9644,9656,9628,9539,9579,9547,9550,9575,9647,9628,9646,9604,9537,9504,9559,9520,9516,9533,9476,9386,9257,9092,8902,8757,8697,8658
500,500,1272,2163,3089,4024,4752,5186,5370,5468,5463,5509,5498,5393,5454,5509,5484,5478,5400,5403,5428,5464,5485,5425,5453,5461,5511,5481,5446,5402,5463,5451,5464,5435,5447,5492,5469,5418,5515,5498,5407,5437,5464,5433,5513,5566,5465,5392,5436,5480,5476,5432,5488,5457,5462,5425,5424,5442,5427,5475,5499,5466,5437,5434,5443,5438,5455,5509,5492,5502,5438,5464,5520,5509,5514,5448,5387,5440,5406,5436,5504,5491,5470,5403,5404,5447,5476,5353,5328,5327,5226,5101,4898,4804,4669,4561,4436,4297,4264,4202,4199,4106
500,500,1261,2036,3996,5123,5767,6503,7063,7598,7936,8131,8234,8225,8245,8158,8143,8238,8252
500,500,1495,2475,3319,3827,3996,4055,4053,4071,4157,4148,4098,4093,4045,4044,4043,4045,4098
500,953,1951,2457,2690,2684,2701,2737,2740,2689,2696,2732,2725,2735,2689,2695,2712,2737,2722,2725,2711,2737,2699,2726,2687,2728,2700,2719,2719,2739,2739,2747,2727,2690,2709,2724,2709,2707,2707,2721,2717,2735,2738,2699,2690,2684,2730,2742,2699,2735,2693,2718,2737,2722,2709,2735,2702,2684,2716,2699,2684,2732,2741,2722,2727,2726,2743,2729,2745,2711,2719,2691,2676,2695,2701,2694,2726,2732,2734,2722,2692,2677,2668,2699,2673,2594,2535,2454,2293,2124,1981,1866,1715,1610,1506,1485,1440,1387,1381,1356,1342
500,500,1252,2000,2817,3644,4542,5377,6266,7031,7527,7880,8053,8126,8214,8236,8241,8237,8243,8198
