mixnet-01001,mixnet-01002,mixnet-01003,mixnet-01004,mixnet-01005,mixnet-01006,mixnet-01007,mixnet-01008,mixnet-01009,mixnet-01010,mixnet-01011,mixnet-01012,mixnet-01013,mixnet-01014,mixnet-01015,mixnet-01016,mixnet-01017,mixnet-01018,mixnet-01019,mixnet-01020,mixnet-01021
1000,1000,2516,4254,6311,8133,9490,10388,10771,10953,10967,10926,10912,10923,10966,10989,11000,11016,10972,10943
1000,1000,2526,4040,5614,7163,8789,10394,12004,13700,15437,17082,18619,19948,20821,21382,21757,21840,21924,21980
1000,1000,2515,4029,5748,7617,9400,11054,12336,13131,13528,13657,13745,13721,13739,13654,13695,13710,13696,13714,13724,13747,13693,13701,13723,13706,13700,13712,13698,13669,13723,13716,13733,13726,13692,13710,13733,13722,13738,13785,13707,13722,13719,13762,13714,13700,13684,13689,13704,13653,13702,13750,13744,13720,13694,13695,13698,13735,13740,13729,13727,13779,13727,13691,13707,13699,13774,13733,13736,13711,13668,13678,13703,13706,13730,13739,13735,13703,13699,13684,13655,13693,13720,13780,13783,13722,13665,13624,13553,13471,13347,13047,12705,12296,11896,11638
1000,2000,4000,4971,5467,5493,5491,5496,5451,5482,5468,5460,5488,5457,5483,5460,5480,5447,5467,5459,5457,5459,5486,5472,5457,5443,5468,5493,5469,5474,5493,5443,5468,5471,5464,5446,5480,5446,5477,5481,5484,5473,5454,5450,5486,5497,5477,5478,5490,5464,5455,5457,5445,5480,5444,5446,5478,5459,5460,5491,5459,5475,5440,5444,5451,5480,5473,5474,5445,5451,5443,5442,5474,5470,5491,5485,5440,5450,5474,5435,5477,5451,5408,5369,5223,4952,4662,4230,3791,3410,3140,2922,2789,2773,2723
1000,1000,2503,4256,6224,8065,9443,10419,10818,10907,10992,10976,10959,10999,10955,11003,10977,10921,10923,10939
1000,1000,2525,4010,5760,7627,9470,11109,12324,13122,13566,13696,13684,13657,13692,13688,13691,13786,13776,13762
1000,1000,2522,4002,5667,7215,8787,10438,12007,13700,15399,17072,18594,19838,20769,21322,21695,21902,21934,21994
1000,1000,2978,4980,6704,7657,8096,8218,8155,8214,8276,8244,8242,8188,8183,8248,8167,8235,8227
1000,1000,2970,4933,6674,7694,8072,8213,8205,8170,8249,8245,8218,8165,8182,8216,8190,8204,8261,8259,8177,8196,8191,8249,8196,8161,8200,8232,8256,8202,8241,8267,8178,8200,8243,8221,8180,8180,8219,8167,8241,8250,8199,8184,8221,8251,8211,8182,8229,8222,8184,8206,8232,8249,8240,8246,8235,8197,8221,8207,8228,8158,8247,8235,8219,8197,8192,8263,8215,8172,8201,8247,8261,8215,8222,8170,8131,8189,8212,8243,8244,8205,8167,8200,8134,8080,7960,7716,7428,7036,6610,6205,5913,5743,5608,5531
1000,1000,2520,4268,6237,8073,9475,10380,10842,10904,10943,10983,10997,10952,10922,10939,10992,10934,10934,10989,10987,10965,10944,10967,10971,10944,10936,10940,10954,10975,10953,10981,10988,10918,10953,10985,10989,10951,10994,10949,10916,10989,10986,10939,10903,10974,10962,10946,10944,10974,10972,10942,10927,10932,10958,11008,11027,10990,11005,10978,11010,10965,10881,10957,10969,10974,10951,10937,11000,10943,10961,10956,11014,11030,11017,11024,10982,10971,10929,10909,10956,11027,11004,10983,10915,10884,10838,10761,10616,10423,10078,9659,9273,8916,8621,8501
1000,1000,2515,4045,5742,7555,9365,11038,12343,13116,13474,13716,13721,13708,13726,13686,13753,13723,13675,13687
1000,1911,3911,4933,5428,5436,5478,5440,5477,5498,5470,5442,5435,5451,5485,5458,5450,5488,5461,5470,5449,5438,5469,5465,5434,5453,5482,5475,5466,5465,5485,5490,5488,5473,5460,5451,5438,5435,5479,5484,5452,5457,5472,5437,5481,5463,5479,5449,5482,5448,5475,5453,5445,5447,5471,5443,5443,5467,5489,5464,5432,5471,5454,5445,5473,5450,5480,5484,5464,5448,5455,5441,5455,5472,5449,5456,5484,5454,5469,5494,5473,5473,5422,5343,5278,5044,4760,4408,3963,3539,3242,3021,2864,2793,2745
1000,1000,3029,5017,6728,7675,8071,8264,8204,8240,8217,8196,8235,8232,8247,8234,8238,8200,8188
1000,1000,2505,4038,5640,7163,8800,10399,12050,13737,15446,17015,18587,19888,20814,21368,21762,21935,21987,21913,21939,21950,21963,21935,21964,22035,22020,21922,21918,21949,21934,21973,21996,22008,21953,21905,21947,22002,21968,21932,21927,21913,21930,21965,22009,21985,21965,21970,22004,22001,21982,21967,21928,21948,21899,21927,21952,21927,21991,21986,21935,21931,21917,21940,21998,21996,22056,21974,21962,21906,21957,22015,21989,21967,21968,21921,21908,21913,22012,22082,22060,21989,21949,21903,21910,21906,21925,21994,22053,22036,21968,21922,21843,21788,21646,21572
1000,1000,2500,4023,5615,7194,8813,10501,12261,14010,15579,16966,18031,18722,18962,19132,19192,19189,19208,19174
1000,1935,3935,4965,5482,5478,5466,5473,5467,5471,5482,5447,5461,5437,5484,5477,5486,5468,5460,5446,5454,5471,5477,5457,5438,5467,5483,5489,5444,5436,5481,5452,5432,5480,5442,5452,5441,5487,5478,5470,5492,5461,5442,5456,5458,5457,5433,5447,5476,5456,5450,5484,5484,5470,5463,5482,5441,5434,5468,5465,5435,5454,5488,5441,5479,5484,5472,5480,5440,5464,5480,5478,5441,5444,5437,5431,5458,5489,5457,5440,5443,5444,5428,5381,5241,5072,4799,4410,3995,3549,3211,2978,2864,2776,2730,2691
1000,1000,2511,4014,5613,7247,8860,10484,12227,13933,15501,16946,18019,18628,18957,19168,19252,19190,19139,19156,19182,19172,19252,19253,19215,19219,19162,19167,19207,19209,19219,19279,19257,19191,19154,19222,19236,19193,19163,19203,19185,19210,19247,19242,19205,19215,19189,19247,19242,19229,19172,19167,19123,19182,19215,19245,19214,19175,19216,19191,19177,19214,19215,19261,19276,19272,19242,19193,19180,19201,19283,19229,19179,19179,19179,19166,19175,19263,19321,19222,19173,19166,19181,19175,19172,19236,19285,19305,19240,19195,19145,19084,18998,18852,18717,18408
1000,1000,2507,4062,5703,7278,8961,10727,12498,14030,15119,15861,16240,16404,16492,16469,16489,16512,16497,16435
1000,1000,2509,4058,5644,7305,8979,10763,12504,13990,15170,15900,16240,16399,16497,16482,16405,16436,16428,16496,16443,16510,16527,16426,16455,16482,16449,16454,16503,16460,16483,16485,16449,16442,16467,16466,16439,16414,16440,16484,16483,16502,16500,16467,16516,16516,16501,16471,16458,16420,16373,16420,16446,16491,16454,16439,16426,16414,16472,16456,16459,16468,16522,16509,16472,16429,16408,16449,16456,16531,16481,16405,16472,16452,16456,16481,16525,16550,16481,16428,16436,16432,16406,16395,16506,16547,16518,16443,16380,16349,16260,16186,16005,15747,15342,14931
1000,1000,2506,3993,5672,7219,8838,10440,12160,13922,15546,16945,17947,18604,18958,19161,19238,19247,19276,19275
1000,1000,2513,4040,5619,7272,9046,10862,12558,14005,15172,15952,16312,16379,16406,16473,16428,16441,16446,16519
