mixnet-01001,mixnet-01002,mixnet-01003,mixnet-01004,mixnet-01005,mixnet-01006,mixnet-01007,mixnet-01008,mixnet-01009,mixnet-01010,mixnet-01011,mixnet-01012,mixnet-01013,mixnet-01014,mixnet-01015,mixnet-01016,mixnet-01017,mixnet-01018,mixnet-01019,mixnet-01020,mixnet-01021
1000,1000,2515,4007,5605,7228,8764,10371,12163,13965,15646,17047,18012,18615,18920,19091,19189,19212,19206,19258,19224,19242,19205,19159,19224,19202,19165,19217,19196,19227,19239,19256,19166,19180,19262,19261,19239,19213,19177,19208,19214,19208,19221,19242,19220,19235,19268,19284,19265,19191,19189,19181,19247,19247,19225,19223,19191,19203,19177,19224,19215,19213,19202,19138,19173,19202,19229,19222,19173,19137,19178,19243,19282,19228,19186,19224,19221,19199,19216,19226,19222,19188,19176,19152,19225,19205,19178,19290,19277,19209,19102,19052,18980,18899,18705,18423,18117,17873,17562,17265
1000,1000,3000,5031,6751,7730,8111,8224,8205,8214,8239,8212,8183,8241,8252,8224,8227,8187,8225
1000,1000,2952,4955,6709,7666,8056,8157,8224,8260,8237,8279,8248,8244,8257,8159,8200,8251,8218,8188,8197,8240,8261,8225,8202,8211,8185,8223,8223,8243,8249,8233,8199,8179,8217,8185,8201,8219,8245,8178,8198,8203,8217,8204,8212,8195,8196,8180,8192,8214,8169,8221,8238,8213,8190,8171,8206,8222,8191,8220,8198,8176,8259,8239,8249,8174,8210,8210,8204,8219,8216,8215,8180,8235,8238,8171,8168,8157,8225,8216,8193,8259,8175,8145,8125,8040,7997,7795,7503,7174,6799,6468,6252,6031,5895,5718,5698,5615,5539,5514
1000,1000,2520,4248,6264,8137,9577,10439,10793,10888,10986,10955,10984,10939,10946,10943,10947,10944,10976,11018
1000,1999,3999,4999,5455,5477,5483,5484,5475,5476,5495,5474,5462,5475,5438,5451,5471,5445,5481,5456,5463,5447,5454,5483,5462,5444,5478,5487,5489,5444,5474,5485,5471,5467,5434,5453,5491,5453,5449,5447,5470,5441,5444,5481,5482,5450,5474,5484,5449,5462,5481,5447,5471,5467,5438,5457,5487,5483,5456,5474,5480,5490,5468,5454,5457,5481,5490,5490,5476,5464,5454,5452,5442,5430,5455,5462,5488,5443,5455,5486,5463,5457,5439,5349,5225,5019,4703,4372,4040,3683,3467,3273,3109,2972,2899,2818,2780,2746,2705
1000,1000,2500,3993,5755,7552,9410,11082,12389,13207,13535,13665,13699,13711,13725,13735,13704,13739,13769,13759
1000,1000,2507,4045,5648,7227,8836,10323,11905,13594,15356,17065,18642,19892,20863,21401,21715,21872,21949,22008,21984,21979,22002,21987,21971,21972,21944,21904,21912,21917,21907,21970,21961,21902,21938,21996,22016,21997,21937,21943,21948,21903,21989,21989,21940,21962,21941,21994,22022,22053,21978,21942,21918,21982,21978,21968,21974,21995,21960,21938,21955,21962,21979,21980,21971,21949,21948,21960,21969,21953,21940,21923,21988,22043,22022,21981,21971,21956,21949,21948,21978,21981,21977,21912,21904,21939,21891,21938,21970,22029,21996,21952,21837,21729,21743,21580,21335,21092,20840,20536
1000,1000,2513,4271,6277,8099,9557,10470,10826,10899,10954,11024,10989,10958,10954,11008,11003,10984,10962,10977
1000,1000,2518,4040,5614,7202,8819,10375,11967,13650,15386,17085,18670,19932,20858,21387,21702,21913,21945,21938,21980
1000,1000,2511,4018,5671,7268,8908,10767,12544,14092,15193,15814,16174,16353,16436,16483,16480,16498,16514,16471,16445,16480,16467,16484,16467,16438,16477,16457,16440,16484,16455,16433,16483,16508,16544,16471,16452,16419,16440,16481,16489,16466,16502,16523,16475,16526,16458,16444,16398,16441,16479,16460,16456,16428,16417,16436,16479,16477,16413,16465,16439,16439,16445,16434,16497,16494,16456,16440,16438,16484,16484,16520,16446,16445,16459,16456,16453,16490,16505,16501,16437,16400,16397,16475,16513,16476,16533,16516,16403,16298,16274,16187,16085,15779,15462,15150,14895,14601,14353,14189
1000,1000,3020,5034,6744,7738,8126,8216,8213,8241,8213,8195,8189,8159,8198,8224,8230,8246,8275
1000,1898,3898,4945,5439,5456,5474,5468,5486,5473,5467,5442,5430,5457,5440,5435,5475,5473,5454,5446,5479,5479,5439,5449,5465,5486,5482,5481,5473,5464,5453,5446,5437,5483,5494,5464,5482,5471,5451,5441,5488,5450,5449,5468,5444,5429,5465,5453,5469,5441,5460,5485,5466,5433,5464,5491,5490,5462,5451,5464,5464,5468,5468,5440,5452,5445,5467,5442,5466,5442,5449,5442,5472,5452,5444,5440,5472,5464,5490,5438,5450,5457,5414,5411,5288,5117,4872,4505,4129,3834,3531,3310,3164,3007,2934,2851,2817,2736,2742
1000,1000,2514,4015,5720,7511,9399,11116,12335,13118,13456,13619,13716,13733,13734,13727,13795,13721,13715,13671,13747,13736,13669,13694,13676,13706,13679,13707,13761,13712,13681,13760,13777,13734,13707,13659,13719,13718,13710,13739,13718,13744,13778,13725,13743,13682,13695,13712,13744,13736,13703,13670,13670,13734,13694,13737,13702,13654,13710,13735,13701,13716,13700,13689,13728,13722,13717,13705,13740,13696,13732,13698,13681,13709,13734,13751,13749,13750,13694,13667,13638,13680,13732,13800,13747,13745,13686,13619,13547,13457,13343,13152,12862,12446,12153,11932,11695,11432,11336,11229
1000,1000,2526,4004,5717,7566,9481,11167,12431,13177,13522,13683,13717,13696,13683,13671,13684,13703,13692,13673
1000,1000,2519,4008,5601,7208,8805,10446,12200,13974,15619,17027,18019,18678,19000,19101,19212,19216,19174,19209
1000,1000,2502,4215,6228,8116,9554,10376,10742,10956,10962,10981,10989,10997,11030,11008,10951,10946,10982,10964,10982,10911,10917,10966,10953,10993,10962,10984,10936,10919,11008,10999,10951,10942,10939,10984,10990,10951,10987,11022,10968,10962,10950,10958,10942,10939,10983,10958,10959,10930,10938,10949,10976,10960,10959,10967,10946,10978,10965,10937,10985,10936,10945,10971,11013,10998,10944,10985,10978,10972,10970,10995,10985,10964,11009,10974,10947,10934,10914,10944,10929,10990,11030,10998,10943,10887,10849,10776,10632,10480,10209,9847,9448,9154,8981,8763,8557,8515,8406,8389
1000,1996,3996,4976,5442,5475,5463,5452,5464,5450,5437,5483,5460,5479,5496,5485,5476,5485,5481,5450,5448,5432,5453,5456,5476,5479,5481,5436,5443,5470,5472,5476,5495,5500,5460,5469,5464,5447,5488,5450,5485,5458,5465,5480,5474,5468,5445,5480,5477,5479,5464,5469,5470,5439,5458,5492,5491,5441,5436,5449,5470,5480,5488,5487,5443,5467,5437,5457,5455,5454,5451,5472,5470,5486,5441,5463,5436,5453,5454,5473,5481,5450,5437,5430,5326,5157,4910,4584,4216,3870,3564,3336,3137,3011,2950,2842,2797,2784,2725
1000,1000,2522,4037,5618,7182,8811,10457,12055,13645,15377,17093,18636,19887,20802,21440,21726,21852,21928,21940
1000,1000,2516,4031,5665,7282,9007,10802,12538,14069,15196,15912,16272,16378,16391,16442,16470,16411,16460,16510
1000,1000,2523,4059,5654,7225,8936,10768,12572,14104,15225,15934,16278,16407,16447,16426,16406,16408,16418,16433
1000,1000,2500,3992,5646,7258,8849,10439,12174,13920,15603,17018,18022,18658,19041,19162,19178,19209,19201,19176
