mixnet-00501,mixnet-00502,mixnet-00503,mixnet-00504,mixnet-00505,mixnet-00506,mixnet-00507,mixnet-00508,mixnet-00509,mixnet-00510,mixnet-00511,mixnet-00512,mixnet-00513,mixnet-00514,mixnet-00515,mixnet-00516,mixnet-00517,mixnet-00518,mixnet-00519,mixnet-00520,mixnet-00521
500,500,1260,2033,2835,3598,4402,5294,6118,6946,7761,8490,9033,9355,9476,9580,9611,9605,9593,9524,9566,9561,9586,9627,9625,9608,9626,9686,9650,9549,9533,9554,9570,9583,9566,9599,9607,9616,9575,9524,9641,9658,9615,9632,9613,9608,9552,9527,9587,9600,9587,9631,9594,9577,9559,9580,9602,9583,9621,9554,9550,9571,9599,9589,9593,9625,9591,9541,9496,9437,9372,9278,9117,8935
500,1000,2000,2482,2725,2730,2702,2725,2742,2743,2724,2724,2725,2709,2715,2743,2742,2724,2710,2695,2702,2731,2727,2729,2736,2729,2689,2688,2700,2720,2705,2718,2734,2699,2680,2727,2692,2698,2698,2695,2701,2724,2724,2738,2742,2694,2732,2731,2703,2721,2729,2726,2723,2702,2735,2699,2709,2739,2698,2702,2690,2635,2521,2351,2160,1978,1845,1749,1679,1583,1540,1433,1381
500,500,1277,2179,3126,4096,4761,5191,5358,5404,5447,5495,5508,5465,5424,5441,5459,5393,5446,5491,5524,5496,5470,5451,5451,5442,5466,5467,5436,5429,5448,5467,5451,5487,5462,5445,5496,5440,5409,5421,5443,5460,5496,5462,5494,5422,5462,5459,5466,5514,5482,5469,5501,5515,5444,5494,5417,5413,5464,5505,5500,5464,5459,5403,5334,5265,5115,4914,4765,4613,4533,4491,4352,4303
500,500,1275,2011,2839,3760,4709,5539,6161,6559,6738,6834,6870,6856,6897,6856,6784,6809,6811,6860,6890,6858,6853,6852,6870,6875,6768,6800,6784,6875,6907,6807,6865,6837,6818,6803,6822,6846,6879,6856,6803,6830,6870,6819,6801,6799,6847,6838,6823,6833,6844,6842,6897,6813,6828,6860,6824,6824,6808,6859,6837,6825,6855,6862,6825,6707,6679,6564,6429,6319,6182,6033,5941,5769
500,500,1252,2140,3140,4076,4782,5213,5386,5468,5451,5490,5468,5488,5459,5432,5431,5458,5484,5527,5484,5478,5475,5477,5410,5412,5461,5492,5494,5532,5456,5437,5452,5436,5460,5503,5504,5495,5451,5448,5434,5453,5444,5426,5493,5466,5469,5449,5457,5480,5484,5525,5464,5470,5484,5479,5473,5497,5480,5467,5472,5500,5464,5425,5303,5282,5151,4952,4824,4716,4570,4417,4359,4290
500,500,1273,2052,2855,3624,4368,5178,6022,6830,7686,8516,9300,9993,10458,10747,10891,10916,10989,10977,10938,10952,10945,10943,10939,10973,10988,10970,10984,11023,11007,10975,10926,10911,10935,10942,10936,10973,11020,10981,10921,10966,10995,11042,11007,10972,11018,10971,10910,10941,10941,11006,11031,11007,10962,10954,10959,10953,10984,10990,10954,10940,10890,10961,10987,10947,10977,11015,10978,10918,10844,10812,10727,10563
500,500,1277,2057,2848,3648,4495,5363,6259,7012,7542,7909,8101,8193,8208,8239,8224,8227,8211,8169,8221,8250,8255,8261,8213,8221,8228,8210,8138,8136,8238,8229,8215,8257,8237,8237,8178,8208,8218,8255,8186,8170,8167,8221,8218,8216,8191,8200,8210,8155,8223,8210,8249,8242,8233,8258,8210,8256,8216,8206,8209,8225,8199,8194,8269,8245,8179,8103,7998,7931,7791,7620,7558,7451
500,500,1265,1993,2787,3587,4381,5202,6067,6914,7729,8598,9362,9924,10340,10655,10803,10932,11001,11024,11004,11029,10960,10938,10916,10941,10971,10954,10926,10984,10987,10931,10926,10959,11033,10997,11018,10967,10968,10893,10891,10942,10991,10986,10915,10920,10901,10931,10940,10966,10943,10969,10939,10879,10990,11021,10989,10962,10962,11015,11036,11013,10965,10951,10949,10943,10973,10940,10969,10962,10876,10820,10685,10594
500,500,1263,2077,2842,3585,4351,5184,6060,6898,7751,8547,9319,9906,10362,10685,10814,10862,10929,10936,11009,10986,10946,10932,10955,10989,10977,11025,10962,10995,11035,10952,10947,10915,10903,10914,10955,10979,11041,11006,10985,10998,10977,10929,10939,10920,10945,10943,10946,10943,10884,10907,10968,10968,10982,10945,11016,10949,10928,10962,10960,10994,11036,10971,11009,11008,11006,11018,10931,10937,10890,10819,10760,10607
500,500,1507,2527,3336,3877,4031,4081,4111,4118,4139,4130,4040,4067,4075,4041,4100,4109,4109,4116,4111,4115,4114,4030,4064,4101,4092,4070,4093,4121,4130,4100,4059,4104,4115,4155,4112,4062,4038,4073,4101,4059,4110,4091,4097,4073,4085,4104,4127,4093,4060,4065,4085,4085,4030,4018,4085,4091,4094,4127,4099,4083,4005,3945,3802,3608,3433,3246,3160,3104,3005,2918,2827,2794
500,500,1518,2523,3355,3870,4027,4059,4044,4111,4085,4109,4088,4106,4043,4068,4090,4137,4146,4136,4054,4070,4081,4056,4067,4142,4133,4082,4091,4088,4051,4076,4112,4153,4086,4119,4075,4085,4093,4110,4046,4073,4068,4080,4112,4072,4091,4117,4104,4091,4087,4084,4082,4092,4096,4107,4069,4100,4079,4091,4084,4039,3987,3922,3793,3669,3465,3334,3235,3104,3030,2952,2908,2820
500,500,1270,2060,2953,3807,4738,5544,6115,6568,6786,6807,6851,6874,6838,6851,6775,6817,6868,6845,6850,6831,6876,6902,6895,6823,6749,6764,6759,6836,6845,6830,6849,6892,6821,6807,6786,6812,6936,6893,6835,6837,6822,6774,6772,6846,6840,6843,6819,6901,6887,6898,6881,6878,6855,6857,6824,6750,6750,6785,6854,6877,6813,6836,6792,6745,6695,6616,6519,6317,6131,5992,5875,5773
500,500,1271,2046,2899,3817,4738,5576,6196,6554,6701,6804,6868,6901,6873,6813,6827,6831,6794,6768,6807,6845,6861,6811,6810,6850,6838,6872,6868,6857,6858,6822,6799,6858,6911,6801,6816,6877,6892,6827,6774,6750,6836,6840,6867,6858,6796,6808,6808,6848,6885,6890,6853,6906,6847,6879,6899,6812,6748,6798,6864,6841,6832,6889,6841,6772,6740,6574,6424,6292,6102,6009,5907,5784
500,500,1276,2046,2815,3629,4480,5278,6127,6996,7772,8463,8966,9285,9495,9522,9537,9568,9601,9608,9576,9562,9577,9603,9658,9594,9610,9650,9598,9574,9516,9539,9528,9581,9607,9660,9634,9620,9580,9578,9632,9575,9562,9554,9561,9591,9586,9536,9601,9538,9549,9587,9599,9576,9571,9619,9626,9565,9624,9635,9588,9629,9601,9554,9609,9579,9604,9585,9512,9464,9397,9251,9113,8983
500,500,1262,2040,2824,3584,4436,5276,6170,7005,7776,8524,8959,9217,9458,9582,9616,9638,9618,9630,9599,9566,9524,9534,9592,9609,9581,9552,9596,9581,9584,9618,9637,9614,9581,9588,9599,9545,9535,9538,9624,9635,9622,9556,9521,9556,9623,9624,9594,9586,9557,9588,9522,9587,9663,9607,9587,9626,9675,9668,9624,9574,9613,9623,9580,9593,9545,9565,9580,9511,9411,9276,9156,9003
500,500,1506,2516,3362,3846,4032,4098,4052,4075,4114,4116,4084,4062,4061,4106,4053,4105,4153,4081,4070,4067,4095,4086,4074,4121,4129,4072,4101,4087,4125,4099,4058,4076,4072,4059,4038,4057,4111,4093,4060,4110,4073,4091,4084,4097,4102,4088,4145,4141,4119,4093,4132,4074,4087,4065,4088,4140,4089,4108,4073,4032,4024,3902,3826,3597,3426,3281,3184,3102,3075,2928,2881,2831
500,500,1255,2013,2825,3627,4529,5443,6255,7003,7603,7999,8141,8212,8222,8272,8217,8147,8184,8188,8258,8207,8218,8215,8239,8277,8287,8237,8123,8157,8221,8205,8182,8189,8232,8273,8246,8175,8202,8290,8272,8216,8223,8232,8165,8133,8181,8222,8203,8200,8217,8216,8210,8213,8232,8281,8275,8252,8190,8135,8181,8218,8218,8222,8246,8192,8130,8120,8043,7940,7848,7655,7491,7344
500,500,1255,2020,2803,3696,4556,5405,6274,7030,7563,7927,8071,8215,8285,8298,8222,8243,8231,8216,8159,8185,8204,8249,8216,8214,8177,8199,8252,8220,8274,8234,8188,8153,8233,8236,8184,8151,8204,8274,8258,8166,8120,8166,8157,8249,8227,8163,8201,8164,8168,8210,8208,8271,8227,8205,8249,8292,8249,8147,8184,8207,8215,8160,8220,8199,8201,8189,8030,7924,7742,7611,7459,7335
500,500,1267,2174,3107,4034,4751,5163,5401,5472,5455,5512,5526,5435,5480,5429,5432,5466,5454,5458,5461,5453,5498,5475,5407,5388,5441,5458,5447,5479,5479,5489,5468,5424,5418,5485,5549,5546,5531,5396,5439,5403,5445,5444,5507,5497,5473,5495,5493,5533,5484,5444,5428,5467,5457,5412,5380,5419,5461,5490,5520,5479,5445,5459,5370,5304,5179,5011,4811,4593,4526,4464,4373,4300
500,1000,2000,2494,2707,2688,2727,2691,2716,2727,2741,2713,2719,2720,2718,2729,2698,2732,2704,2689,2729,2710,2712,2691,2711,2715,2703,2702,2718,2692,2723,2692,2694,2717,2708,2709,2718,2728,2708,2704,2707,2737,2713,2739,2717,2736,2714,2735,2744,2703,2712,2701,2713,2689,2714,2704,2732,2698,2696,2722,2658,2610,2475,2290,2125,1927,1834,1756,1676,1620,1529,1422,1405
500,1000,2000,2493,2706,2720,2701,2709,2730,2715,2688,2680,2682,2714,2690,2722,2720,2711,2708,2711,2710,2698,2709,2706,2741,2720,2722,2743,2747,2749,2720,2708,2725,2740,2724,2726,2689,2704,2708,2729,2691,2724,2743,2721,2733,2727,2725,2729,2718,2685,2699,2699,2697,2697,2707,2740,2749,2742,2739,2712,2669,2595,2455,2320,2104,1930,1831,1719,1694,1584,1481,1454,1414
