mixnet-01001,mixnet-01002,mixnet-01005,mixnet-01008,mixnet-01009,mixnet-01010,mixnet-01011,mixnet-01012,mixnet-01013,mixnet-01014,mixnet-01015,mixnet-01016,mixnet-01017,mixnet-01018,mixnet-01019,mixnet-01020,mixnet-01021
1000,1996,3996,4979,5440,5459,5473,5455,5435,5476,5483,5490,5467,5435,5459,5486,5492,5476,5456,5485,5440,5439,5445,5462,5453,5483,5447,5431,5457,5488,5468,5437,5458,5486,5454,5481,5444,5471,5475,5453,5433,5466,5436,5465,5461,5465,5491,5476,5454,5483,5490,5494,5478,5489,5445,5431,5478,5488,5471,5483,5481,5453,5455,5448,5476,5452,5449,5456,5489,5457,5424,5332,5124,4760,4360,4000,3618,3368,3208,3066,2944,2837,2756
1000,1000,2500,4029,5756,7561,9471,11094,12407,13141,13558,13694,13663,13681,13739,13748,13754,13782,13768,13683
1000,2000,4000,4986,5453,5470,5457,5475,5441,5435,5443,5467,5492,5447,5459,5433,5427,5429,5447,5486,5462,5471,5441,5479,5488,5455,5438,5469,5489,5437,5465,5441,5427,5432,5436,5462,5454,5440,5485,5471,5477,5455,5432,5470,5495,5455,5473,5446,5449,5464,5493,5456,5471,5453,5489,5492,5464,5468,5491,5440,5427,5479,5485,5464,5490,5488,5467,5487,5480,5425,5380,5229,4920,4565,4128,3734,3421,3246,3090,2963,2865,2812
1000,1000,2501,4028,5680,7254,8991,10763,12566,14098,15219,15959,16307,16384,16445,16431,16425,16475,16531,16535
1000,1000,2519,4045,5662,7258,9017,10811,12560,14115,15197,15891,16286,18240,21382,20476,18481,17269,16495,16457,16469,16494,16477,16495,16534,16473,16426,16425,16453,16430,16494,16464,16416,16428,16486,16519,16509,16480,16423,16457,16447,16459,16474,16458,16432,16424,16426,16458,16454,16412,16480,16471,16470,16414,16429,16458,16456,16482,16417,16405,16452,16457,16492,16484,16513,16540,16455,16468,16452,16482,16496,16457,16430,16411,16444,16401,16364,16264,15986,15628,15311,15020,14714,14519
1000,1000,2524,4267,6302,8154,9497,10412,10816,10918,10985,10908,10888,10961,11021,11000,10970,10921,10971,10988,10976,11041,10984,10967,10925,10892,10957,11021,10957,10935,10931,10964,10954,10937,10967,10962,10955,10930,10955,10963,10947,11017,10972,10963,10978,10904,10917,10967,11012,10995,10936,10945,10946,10974,10988,10974,10954,10926,10974,10979,10925,11002,11026,10999,10946,10950,10952,10979,10937,10893,10938,10969,10971,10956,10828,10634,10366,10018,9652,9320,8975,8839,8654,8502
1000,1000,3023,5065,6734,7674,8047,8228,8253,8168,8215,8249,8223,8174,8230,8248,8179,8195,8172
1000,1000,3016,5026,6741,7678,8099,8255,8180,8156,8190,8192,8272,8264,8215,8164,8202,8246,8240,8259,8246,8230,8173,8202,8168,8223,8268,8190,8135,8190,8220,8243,8171,8216,8196,8244,8217,8189,8240,8227,8230,8230,8179,8194,8182,8169,8207,8259,8213,8172,8161,8232,8212,8267,8246,8192,8167,8224,8223,8208,8249,8262,8227,8172,8205,8232,8185,8156,8189,8221,8225,8205,8161,8005,7699,7398,7036,6602,6314,6075,5953,5837,5635,5533
1000,1000,2512,4051,5680,7178,8728,10335,12047,13680,15409,17129,18616,19911,20810,21890,23433,24698,25158,24583,23575,22756,22251,22074,21952,22015,22027,22046,22031,21967,21914,21935,21953,21972,21919,21922,21951,21941,21952,21975,21957,21949,21960,21986,22001,21965,21977,21888,21895,21907,21925,21988,21985,22004,21959,21982,22000,21941,21898,21939,21965,21982,21927,21947,21941,21948,22003,21995,22021,22012,21959,21958,21934,21995,21976,21962,21897,21924,21858,21827,21740,21584,21322,21001
1000,1000,2513,4015,5602,7226,8850,10480,12169,13958,15624,17036,18084,18654,19026,19148,19215,19197,19178,19223
1000,1000,2511,4036,5603,7165,8807,10520,12226,13950,15648,16989,18010,18698,19931,22069,22848,22420,21120,19974,19455,19239,19267,19185,19237,19277,19227,19212,19179,19133,19143,19249,19201,19158,19154,19188,19215,19247,19230,19216,19203,19211,19204,19241,19201,19213,19157,19127,19227,19207,19213,19206,19208,19226,19169,19192,19159,19188,19227,19216,19193,19153,19173,19240,19218,19271,19303,19242,19223,19168,19218,19229,19233,19249,19200,19167,19145,19137,19071,18949,18649,18326,17966,17685
1000,1995,3994,4967,5420,5435,5453,5462,5442,5445,5489,5466,5437,5454,5480,5455,5461,5483,5475,5492,5452,5481,5484,5492,5488,5488,5492,5487,5443,5427,5422,5447,5447,5448,5454,5463,5460,5485,5455,5441,5429,5429,5461,5447,5474,5456,5445,5485,5493,5444,5460,5488,5462,5488,5473,5451,5447,5487,5484,5450,5454,5474,5457,5477,5457,5480,5458,5459,5437,5438,5416,5296,5110,4728,4330,3943,3592,3358,3146,2997,2918,2833,2763
1000,1000,2523,4017,5725,7592,9494,11130,12395,13107,13523,13691,13676,13637,13643,13718,13734,13710,13716,13731,13692,13752,13743,13743,13770,13700,13662,13684,13739,13697,13687,13712,13697,13681,13688,13745,13706,13695,13654,13715,13687,13709,13741,13682,13717,13693,13666,13664,13684,13696,13711,13715,13683,13669,13731,13732,13738,13706,13677,13721,13716,13722,13721,13758,13773,13765,13682,13670,13754,13678,13693,13673,13683,13718,13699,13676,13506,13333,12985,12671,12327,12031,11732,11557
1000,1000,2503,4057,5648,7200,8766,10376,12006,13671,15383,17063,18706,19970,20863,21435,21726,21952,21945,21926
1000,1000,2502,4304,6343,8136,9503,10368,10784,10913,10947,10991,10970,10925,10936,10962,11005,10992,10949,10937
1000,1000,2512,4281,6288,8136,9555,10400,10846,10971,11029,10937,10959,10986,10989,11010,11000,11005,10954,10893
1000,1000,3014,5035,6749,7725,8091,8244,8270,8226,8177,8147,8238,8214,8241,8223,8195,8169,8121
