mixnet-01001,mixnet-01002,mixnet-01003,mixnet-01004,mixnet-01005,mixnet-01006,mixnet-01007,mixnet-01008,mixnet-01009,mixnet-01010,mixnet-01011,mixnet-01012,mixnet-01013,mixnet-01014,mixnet-01015,mixnet-01016,mixnet-01017,mixnet-01018,mixnet-01019,mixnet-01020,mixnet-01021
1000,1000,2515,4313,6270,8115,9532,10403,10740,10872,10982,11024,10993,10984,10909,10946,10974,10939,10932,10947,10989,11049,10997,10935,10910,10968,10925,10939,10934,10977,11013,11008,10936,10984,10948,10964,10973,10972,10964,10944,10960,10981,10945,10936,11007,11001,10980,10949,10944,10949,11008,10998,10981,10971,10925,10972,10953,10956,10978,10967,10894,10803,10505,10092,9711,9310,8987,8809,8624,8499
1000,1000,2520,4025,5640,7241,8763,10419,12224,14038,15695,17080,18047,18646,18989,19177,19204,19202,19169,19199,19250,19267,19249,19200,19197,19235,19204,19226,19216,19217,19203,19182,19174,19256,19204,19176,19185,19224,19252,19219,19213,19218,19231,19250,19302,19257,19195,19147,19182,19150,19172,19149,19186,19243,19244,19317,19249,19234,19128,19145,19178,19260,19270,19225,19150,19028,18948,18780,18534,18184,17773
1000,1000,2529,3997,5745,7590,9456,11139,12401,13118,13566,13661,13716,13698,13691,13712,13691,13758,13706,13669,13708,13698,13702,13735,13746,13776,13679,13662,13736,13689,13722,13689,13694,13707,13687,13671,13692,13692,13644,13735,13729,13698,13700,13714,13705,13691,13745,13742,13763,13713,13692,13689,13726,13783,13722,13683,13623,13661,13700,13761,13758,13685,13557,13396,13150,12739,12323,11910,11664,11541
1000,1000,2529,4010,5641,7225,8942,10833,12592,14087,15203,15862,16244,16406,16452,16459,16410,16415,16447,16507,16504,16486,16466,16441,16479,16486,16456,16446,16467,16427,16447,16483,16468,16464,16447,16458,16504,16476,16461,16473,16483,16483,16522,16531,16489,16417,16366,16396,16388,16432,16468,16483,16557,16530,16507,16459,16394,16377,16404,16474,16467,16496,16434,16378,16278,16123,15864,15510,15123,14719,14488
1000,1956,3956,4955,5431,5432,5464,5469,5482,5465,5442,5461,5485,5474,5481,5448,5456,5482,5466,5439,5430,5457,5484,5447,5467,5461,5455,5469,5479,5449,5448,5433,5454,5484,5479,5449,5484,5497,5480,5485,5444,5474,5475,5478,5446,5464,5438,5458,5440,5476,5438,5467,5462,5459,5479,5493,5486,5415,5278,4926,4435,3908,3531,3286,3158,3081,2932,2828,2771
1000,1000,2509,4043,5633,7277,9028,10792,12515,14081,15157,15845,16165,16317,16479,16533,16527,16453,16456,16464,16475,16435,16381,16433,16468,16476,16505,16494,16451,16455,16417,16429,16478,16518,16477,16475,16445,16424,16431,16489,16461,16436,16425,16439,16452,16470,16450,16468,16466,16453,16427,16414,16460,16504,16471,16526,16473,16443,16456,16469,16474,16462,16492,16442,16264,16008,15769,15340,15058,14751
1000,1000,2505,4033,5640,7193,8813,10534,12207,13988,15630,16980,18030,18579,18857,19060,19230,19278,19235,19203,19225,19268,19225,19195,19183,19193,19208,19212,19220,19218,19183,19194,19186,19254,19259,19257,19292,19218,19190,19177,19231,19205,19150,19186,19170,19204,19254,19246,19263,19247,19240,19211,19132,19174,19209,19234,19284,19233,19183,19189,19202,19198,19188,19240,19214,19084,18951,18697,18353,18060
1000,1000,2998,5018,6769,7783,8137,8234,8191,8174,8189,8204,8245,8248,8194,8227,8202,8223,8174,8190,8173,8217,8219,8210,8212,8214,8261,8231,8203,8225,8207,8259,8255,8201,8163,8256,8290,8234,8178,8236,8162,8139,8196,8201,8188,8245,8237,8255,8192,8252,8208,8175,8208,8201,8208,8178,8223,8209,8186,8132,7912,7575,7144,6777,6363,6097,5935,5856,5684,5581,5493
1000,1000,2509,4254,6214,8092,9547,10469,10838,10955,10933,10929,10894,10966,10993,11015,10999,10999,10975,10949,10974,10928,10939,10949,10954,10923,10929,11021,10962,10934,10957,10925,10939,10978,10970,10911,10971,11006,10985,10979,11023,10954,10897,10896,10934,10930,10954,11024,10961,10979,10987,10976,10955,10948,10990,10977,10951,11005,10980,10949,10895,10809,10550,10220,9775,9405,9055,8851,8705,8585,8441
1000,1000,3000,5007,6705,7679,8062,8153,8186,8245,8238,8184,8184,8198,8223,8243,8215,8198,8262,8280,8242,8174,8190,8177,8205,8210,8197,8207,8254,8258,8238,8206,8186,8199,8214,8188,8184,8198,8190,8242,8198,8222,8198,8235,8235,8214,8193,8215,8220,8233,8229,8178,8200,8182,8156,8209,8209,8234,8187,8100,7918,7549,7054,6639,6270,6025,5932,5805,5669,5602
1000,1000,2518,4025,5780,7556,9447,11135,12371,13193,13536,13687,13723,13661,13651,13670,13713,13755,13786,13736,13754,13750,13700,13707,13723,13700,13646,13708,13742,13709,13748,13736,13717,13708,13740,13696,13734,13680,13754,13721,13759,13773,13762,13647,13656,13649,13640,13716,13747,13769,13730,13758,13746,13666,13658,13710,13683,13714,13758,13773,13728,13679,13597,13477,13221,12848,12425,12089,11751,11544,11466
1000,1000,2524,4064,5641,7196,8751,10303,11978,13669,15409,17131,18660,19933,20816,21448,21759,21931,21978,21946,21934,21965,21974,21976,21978,21921,21921,21959,21991,22018,22013,22043,21973,21914,21944,21952,21992,22005,21937,21922,21968,21921,21895,21932,21968,21986,21987,21959,21937,21900,21952,21976,22004,22032,21962,21959,21919,21969,22002,21993,21933,21948,21930,21945,21956,21946,21901,21844,21605,21363,21048
1000,1000,2524,4067,5655,7198,8788,10357,11958,13656,15385,17169,18698,19949,20843,21425,21750,21862,21929,21932,21914,21995,22041,22007,21971,21957,21910,21985,21988,21933,21986,21980,21908,21959,21978,21992,21963,21916,21967,21990,21979,21970,21937,21944,21998,22050,22019,21962,21971,21948,21916,21950,21889,21918,21945,22007,21992,22015,22007,21962,21900,21878,21951,22050,22014,21973,21891,21737,21569,21435,21189,20855
1000,1995,3995,4997,5468,5453,5443,5455,5467,5452,5487,5477,5482,5465,5477,5475,5458,5464,5461,5478,5466,5481,5455,5462,5446,5486,5481,5457,5486,5467,5468,5484,5441,5446,5484,5484,5438,5431,5458,5461,5446,5479,5495,5455,5478,5496,5468,5476,5454,5475,5446,5461,5478,5467,5456,5462,5481,5416,5290,5000,4567,4080,3654,3376,3185,3098,3000,2846,2758,2754
1000,1990,3988,4990,5436,5458,5479,5471,5441,5450,5487,5485,5470,5460,5457,5447,5438,5434,5438,5450,5469,5485,5466,5457,5479,5477,5477,5478,5473,5438,5451,5468,5453,5479,5462,5465,5480,5466,5435,5441,5462,5453,5433,5472,5467,5442,5431,5438,5451,5451,5432,5442,5465,5482,5459,5486,5463,5433,5239,4905,4430,3926,3526,3312,3198,3090,2933,2812,2782
1000,1000,2520,4046,5642,7216,8763,10465,12227,13980,15645,17073,18048,18626,19003,19153,19208,19198,19169,19198,19227,19232,19182,19200,19204,19204,19246,19262,19282,19282,19225,19208,19182,19225,19210,19217,19255,19203,19202,19219,19219,19183,19205,19234,19253,19239,19175,19199,19182,19244,19262,19243,19206,19165,19143,19205,19207,19220,19246,19186,19186,19209,19218,19238,19211,19127,18974,18729,18364,18046
1000,1000,2503,4034,5615,7198,8733,10392,12005,13688,15467,17105,18660,19925,20791,21299,21621,21860,21958,21942,21945,21971,21982,22024,22009,21958,21914,21949,21950,21971,21995,21935,21946,21963,21938,21968,21984,22031,22003,21995,21989,21996,21960,21919,21940,21890,21933,21951,21976,21991,21950,21992,21983,21932,21929,21895,21958,22010,21988,21979,21929,21988,21975,21998,21967,21927,21875,21773,21596,21365,21033
1000,1000,2527,4037,5586,7230,8991,10799,12566,14069,15216,15920,16217,16402,16471,16472,16448,16452,16501,16480,16460,16426,16458,16491,16447,16490,16524,16461,16460,16418,16429,16462,16475,16466,16445,16492,16458,16446,16424,16412,16436,16440,16458,16486,16436,16410,16421,16432,16494,16499,16474,16463,16423,16444,16483,16532,16478,16449,16436,16402,16478,16481,16486,16384,16246,16054,15755,15364,14933,14632
1000,1000,2501,4028,5756,7614,9424,11124,12378,13107,13424,13634,13696,13780,13745,13709,13696,13678,13708,13687,13652,13685,13774,13817,13741,13726,13697,13670,13680,13689,13670,13763,13752,13723,13691,13674,13672,13699,13722,13707,13665,13732,13703,13710,13731,13742,13729,13752,13703,13702,13691,13726,13745,13741,13710,13681,13695,13708,13680,13696,13708,13694,13610,13436,13072,12735,12350,11991,11781,11480
1000,1000,2517,4235,6297,8119,9582,10404,10770,10963,10978,10930,10944,10924,11008,10994,10976,10976,10949,10959,10986,10943,10968,11006,10968,10908,10910,10988,10945,10955,10951,10956,10973,10966,10961,10951,10979,10951,10977,10996,10941,10966,10976,10962,10932,10967,11028,10964,10973,10959,10943,10983,10996,10890,10890,10923,10963,11001,11009,10965,10876,10718,10468,10111,9651,9220,8974,8808,8644,8518
1000,1000,2998,5034,6765,7686,8094,8217,8228,8204,8157,8213,8215,8226,8229,8209,8225,8226,8220,8184,8182,8184,8235,8199,8185,8180,8224,8208,8228,8226,8194,8235,8196,8197,8191,8173,8219,8236,8222,8215,8219,8248,8199,8202,8248,8257,8216,8184,8208,8225,8211,8204,8161,8180,8214,8217,8223,8236,8183,8045,7836,7470,7013,6557,6237,6051,5952,5757,5639,5582
