mixnet-00501,mixnet-00502,mixnet-00503,mixnet-00504,mixnet-00505,mixnet-00506,mixnet-00507,mixnet-00508,mixnet-00509,mixnet-00510,mixnet-00511,mixnet-00512,mixnet-00513,mixnet-00514,mixnet-00515,mixnet-00516,mixnet-00517,mixnet-00518,mixnet-00519,mixnet-00520,mixnet-00521
500,500,1276,2001,2840,3638,4401,5239,6120,6984,7804,8495,8956,9341,9528,9601,9550,9552,9557,9579,9597,9578,9629,9622,9573,9613,9573,9591,9607,9594,9619,9613,9558,9537,9604,9573,9548,9563,9593,9609,9607,9619,9647,9616,9559,9528,9565,9548,9597,9603,9554,9591,9589,9569,9564,9580,9550,9534,9634,9678,9612,9574,9565,9570,9619,9600,9547,9529,9402,9272,9131
500,500,1258,2193,3148,4042,4798,5189,5436,5468,5467,5444,5421,5410,5438,5488,5421,5447,5439,5447,5446,5435,5448,5487,5448,5526,5477,5462,5456,5472,5440,5497,5468,5491,5427,5427,5464,5467,5496,5438,5445,5438,5479,5475,5493,5476,5421,5428,5459,5501,5474,5456,5419,5464,5516,5472,5449,5497,5460,5466,5428,5431,5377,5320,5172,4980,4806,4567,4390,4316,4297
500,500,1514,2520,3389,4853,5026,4546,4319,4120,4113,4093,4042,4084,4085,4108,4104,4108,4119,4042,4122,4101,4068,4137,4104,4065,4037,4065,4060,4100,4051,4099,4136,4055,4041,4087,4088,4116,4090,4076,4107,4134,4089,4083,4061,4118,4128,4099,4050,4053,4085,4077,4101,4125,4092,4059,4024,4091,4064,4066,3986,3823,3684,3499,3257,3068,2951,2887,2836,2804
500,500,1257,2002,2913,3810,4727,5557,6167,6615,6780,6860,6867,6816,6803,6821,6841,6873,6855,6817,6864,6851,6801,6820,6818,6840,6891,6851,6815,6832,6822,6860,6856,6858,6868,6865,6821,6798,6833,6887,6846,6829,6800,6792,6822,6848,6866,6837,6805,6836,6848,6862,6845,6794,6834,6865,6864,6824,6824,6841,6862,6856,6825,6779,6721,6607,6510,6321,6086,5860,5772
500,500,1251,2034,2802,3598,4453,5220,6049,6872,7694,8597,9380,9962,10376,10630,10825,10954,10995,10987,11008,10931,10875,10987,11030,10995,10942,10946,10967,10967,10931,10918,10943,10970,10990,11008,10992,10968,10974,10972,10982,10947,10937,10960,10934,10930,10927,10941,10990,11008,11040,10967,10918,10952,10950,10938,10967,10964,10973,10961,10920,10989,11024,10974,10931,10906,10875,10949,10933,10853
500,999,1999,2473,2719,2688,2727,2721,2690,2704,2685,2718,2697,2708,2734,2736,2739,2702,2726,2712,2717,2706,2698,2698,2716,2700,2731,2708,2718,2718,2697,2704,2736,2690,2689,2707,2691,2731,2736,2706,2709,2723,2705,2698,2737,2699,2737,2708,2692,2715,2705,2735,2697,2685,2686,2682,2709,2707,2678,2660,2529,2353,2131,1900,1707,1617,1490,1459,1425,1398,1350
500,500,1264,2133,3098,4057,4789,5177,5360,5449,5440,5472,5488,5435,5490,5506,5446,5459,5510,5468,5476,5457,5436,5463,5430,5462,5534,5537,5466,5453,5468,5484,5500,5452,5441,5457,5473,5464,5407,5471,5484,5443,5467,5449,5491,5480,5439,5386,5432,5438,5426,5437,5484,5537,5526,5460,5472,5458,5437,5450,5471,5444,5343,5246,5133,4983,4754,4558,4480,4381
500,500,1267,2003,2883,3626,4398,5253,6152,7038,8010,8847,9539,9871,9972,9833,9721,9622,9566,9561,9635,9655,9568,9595,9559,9533,9558,9579,9592,9673,9706,9625,9569,9525,9567,9633,9597,9615,9519,9523,9560,9545,9590,9579,9603,9574,9617,9642,9583,9555,9563,9585,9605,9571,9603,9588,9581,9594,9630,9631,9643,9587,9531,9545,9535,9485,9496,9444,9318,9156,8947
500,500,1507,2544,3430,3890,4019,4067,4125,4100,4053,4095,4119,4050,4089,4068,4054,4111,4094,4078,4079,4077,4075,4090,4076,4132,4120,4030,4027,4098,4109,4100,4040,4050,4092,4040,4092,4070,4111,4106,4065,4129,4089,4111,4121,4057,4039,4059,4114,4091,4122,4118,4132,4125,4077,4070,4087,4068,4082,4065,3979,3951,3844,3677,3480,3220,3048,2997,2925,2831
500,500,1274,2021,2831,3615,4410,5191,5997,6854,7781,8683,9572,10372,10901,11185,11289,11197,11058,10946,10909,10962,11038,11045,11046,10973,10928,10905,10928,10928,11005,11000,10973,10948,10920,10912,10934,11025,10994,10959,10944,10909,10964,10957,10974,10975,10977,10965,11027,11041,10922,10921,10981,10969,10955,10968,11016,10948,10974,10992,10988,11041,10975,10963,10960,10921,10880,10914,10822,10765,10668
500,500,1279,2022,2786,3618,4421,5231,6014,6864,7697,8560,9343,9946,10418,10746,10895,10893,10973,10895,10897,10919,10962,11014,10955,10950,10992,10952,10985,10964,10948,10993,11032,10984,10976,10996,10958,10908,10894,10922,10960,10982,11007,11026,10992,10960,10936,10948,10918,10938,10996,10991,10984,11008,10972,10954,10936,10918,10925,10972,10988,11040,10965,10909,10952,10947,10925,10926,10948,10866,10800
500,500,1526,2519,3357,3858,4029,4089,4084,4089,4041,4056,4078,4069,4081,4051,4083,4107,4108,4090,4093,4117,4103,4093,4107,4077,4059,4068,4067,4104,4084,4078,4079,4083,4064,4115,4088,4045,4101,4082,4102,4092,4124,4044,4116,4058,4103,4141,4115,4115,4051,4087,4130,4130,4087,4058,4089,4111,4056,4101,4043,3985,3843,3701,3438,3278,3079,2924,2872,2840,2816
500,1000,2000,2486,2729,2702,2718,2706,2701,2738,2743,2712,2695,2728,2741,2744,2718,2741,2706,2701,2705,2733,2687,2719,2727,2692,2684,2722,2736,2707,2740,2713,2738,2707,2683,2725,2717,2709,2719,2698,2702,2737,2705,2695,2731,2696,2719,2694,2680,2712,2732,2741,2703,2712,2685,2703,2706,2720,2722,2651,2554,2360,2132,1909,1727,1577,1491,1443,1428,1369
500,500,1275,2020,2870,3610,4455,5438,6271,7058,7644,7913,8092,8191,8180,8208,8248,8200,8160,8235,8199,8268,8276,8236,8162,8193,8172,8144,8184,8234,8233,8277,8230,8176,8238,8200,8227,8222,8237,8171,8138,8211,8208,8192,8228,8227,8280,8275,8237,8176,8173,8195,8222,8251,8233,8202,8218,8251,8253,8256,8250,8203,8151,8160,8189,8156,8115,7977,7761,7548
500,500,1260,2013,2827,3662,4494,5464,6288,7038,7589,7949,8190,8232,8209,8156,8132,8192,8238,8232,8177,8232,8267,8193,8206,8191,8208,8274,8243,8252,8231,8191,8214,8211,8228,8207,8244,8248,8207,8235,8248,8225,8207,8178,8169,8196,8210,8233,8256,8200,8208,8265,8215,8195,8186,8168,8206,8282,8258,8190,8152,8185,8221,8217,8241,8116,8057,8004,7839,7631,7437
500,500,1270,2026,2864,3682,4433,5249,6109,6967,7849,8546,8994,9290,9491,9541,9599,9611,9555,9564,9545,9523,9601,9666,9623,9558,9573,9554,9535,9537,9536,9595,9652,9586,9596,9600,9588,9610,9601,9625,9559,9534,9582,9578,9577,9565,9631,9637,9661,9658,9576,9516,9535,9571,9581,9590,9589,9567,9602,9563,9618,9644,9590,9517,9518,9520,9538,9506,9432,9274
500,500,1256,2005,2873,3788,4726,5857,6712,7186,7329,7167,7057,6902,6824,6844,6830,6834,6842,6888,6869,6831,6849,6812,6824,6863,6855,6924,6884,6815,6769,6805,6823,6859,6869,6840,6822,6839,6862,6785,6789,6837,6849,6903,6854,6847,6860,6819,6863,6863,6868,6838,6794,6860,6866,6881,6851,6842,6853,6789,6776,6804,6788,6716,6609,6497,6346,6127,5921,5780,5688
500,500,1251,2153,3174,4082,5296,5938,6084,5907,5659,5584,5486,5443,5430,5485,5476,5440,5512,5489,5413,5459,5434,5485,5496,5507,5502,5455,5402,5426,5429,5448,5486,5533,5472,5439,5448,5482,5452,5451,5469,5462,5523,5514,5428,5448,5462,5465,5472,5464,5462,5465,5442,5483,5469,5473,5438,5433,5402,5423,5470,5385,5267,5173,5043,4769,4574,4382,4307,4249,4165
500,500,1259,2043,2905,3780,4753,5600,6179,6567,6701,6772,6852,6820,6798,6872,6809,6793,6865,6880,6831,6874,6806,6811,6819,6802,6779,6871,6889,6881,6871,6860,6821,6884,6852,6833,6819,6850,6823,6761,6861,6854,6842,6882,6873,6869,6887,6839,6771,6819,6837,6792,6807,6812,6862,6850,6893,6859,6871,6834,6773,6825,6827,6824,6724,6618,6459,6230,6036,5935
500,1000,2000,2492,2690,2676,2692,2727,2715,2684,2703,2730,2721,2689,2732,2715,2715,2718,2686,2718,2694,2692,2698,2729,2701,2724,2688,2687,2735,2732,2703,2687,2689,2722,2698,2721,2735,2719,2721,2708,2731,2733,2688,2719,2706,2694,2712,2727,2724,2716,2707,2703,2718,2696,2698,2694,2704,2691,2708,2624,2556,2375,2119,1881,1727,1584,1531,1484,1390
500,500,1261,2050,2854,3619,4471,5412,6448,7338,8132,8549,8632,8539,8353,8278,8244,8196,8215,8244,8274,8206,8229,8251,8161,8226,8200,8234,8291,8301,8208,8126,8133,8195,8249,8216,8197,8185,8213,8279,8201,8184,8208,8237,8210,8202,8235,8198,8167,8217,8201,8239,8224,8205,8191,8218,8275,8236,8237,8253,8219,8173,8161,8207,8158,8054,7968,7844,7648,7432,7280
