mixnet-00501,mixnet-00502,mixnet-00503,mixnet-00504,mixnet-00505,mixnet-00506,mixnet-00507,mixnet-00508,mixnet-00509,mixnet-00510,mixnet-00511,mixnet-00512,mixnet-00513,mixnet-00514,mixnet-00515,mixnet-00516,mixnet-00517,mixnet-00518,mixnet-00519,mixnet-00520,mixnet-00521
500,500,1270,2014,2889,3799,4705,5520,6118,6549,6717,6796,6824,6798,6814,6829,6834,6836,6868,6863,6881,6870,6806,6812,6832,6817,6812,6799,6882,6891,6865,6865,6856,6839,6845,6757,6800,6866,6887,6875,6842,6785,6818,6873,6833,6816,6851,6873,6839,6869,6873,6833,6826,6801,6832,6854,6824,6839,6846,6842,6844,6807,6830,6836,6896,6853,6823,6814,6801,6813,6899,6938,6825,6849,6797,6832,6824,6816,6848,6817,6815,6787,6808,6820,6846,6799,6824,6817,6874,6826,6817,6726,6608,6491,6398,6252,6069,5902,5792,5711
500,1000,1998,2481,2735,2709,2740,2724,2717,2725,2725,2686,2677,2687,2736,2699,2688,2733,2695,2732,2702,2686,2735,2738,2730,2694,2692,2688,2705,2724,2729,2719,2694,2691,2710,2713,2719,2695,2711,2728,2687,2716,2687,2719,2712,2735,2696,2681,2710,2727,2742,2713,2715,2727,2714,2702,2726,2697,2729,2703,2722,2736,2711,2737,2721,2695,2726,2689,2688,2735,2730,2687,2687,2682,2708,2727,2742,2749,2692,2727,2743,2733,2717,2696,2690,2661,2570,2511,2352,2250,2119,1952,1764,1630,1505,1465,1418,1353,1328
500,1000,1997,2479,2710,2735,2745,2730,2716,2693,2702,2732,2716,2706,2727,2691,2698,2736,2701,2725,2708,2692,2722,2689,2708,2705,2682,2701,2735,2725,2721,2687,2681,2687,2678,2728,2718,2697,2736,2699,2716,2701,2705,2739,2690,2714,2700,2683,2704,2730,2744,2716,2715,2717,2700,2718,2699,2679,2733,2716,2709,2697,2722,2743,2716,2737,2721,2689,2719,2729,2727,2723,2744,2746,2725,2734,2733,2707,2697,2700,2723,2729,2697,2722,2716,2665,2604,2505,2394,2238,2085,1950,1755,1613,1511,1464,1426,1374,1380
500,500,1269,2046,2822,3636,4538,5403,6237,6947,7573,7902,8074,8161,8197,8212,8184,8197,8212,8197,8207,8244,8263,8218,8196,8202,8254,8193,8152,8195,8255,8232,8241,8217,8268,8252,8131,8148,8206,8238,8253,8242,8194,8195,8183,8158,8190,8262,8203,8204,8248,8234,8247,8199,8216,8235,8177,8197,8193,8217,8257,8249,8193,8153,8212,8253,8289,8211,8197,8191,8168,8271,8290,8281,8240,8186,8203,8185,8190,8160,8203,8185,8176,8151,8197,8218,8211,8175,8191,8199,8231,8238,8165,8094,7992,7878,7739,7617,7413,7281
500,500,1276,2026,2858,3625,4466,5393,6251,7058,7628,7996,8096,8150,8198,8228,8228,8155,8163,8169
500,936,1936,2454,2720,2691,2703,2690,2713,2716,2716,2733,2744,2694,2733,2738,2703,2733,2725,2727,2743,2702,2705,2731,2697,2701,2727,2712,2687,2689,2732,2717,2735,2712,2709,2698,2718,2687,2707,2685,2685,2726,2738,2699,2710,2688,2708,2735,2711,2698,2733,2722,2717,2721,2707,2698,2696,2693,2732,2708,2735,2690,2692,2693,2734,2721,2724,2706,2697,2705,2694,2719,2720,2685,2717,2721,2700,2719,2738,2721,2698,2688,2722,2703,2704,2656,2622,2491,2413,2290,2103,1957,1798,1631,1554,1443,1434,1391,1370,1323
500,500,1269,2008,2829,3657,4434,5261,6109,6973,7791,8534,9029,9358,9477,9540,9573,9638,9631,9556
500,500,1256,2057,2892,3575,4392,5271,6137,6980,7740,8461,8951,9273,9406,9522,9575,9609,9612,9584,9603,9565,9594,9614,9636,9584,9585,9594,9578,9563,9560,9607,9593,9575,9558,9659,9655,9583,9564,9560,9568,9611,9616,9597,9626,9588,9531,9570,9628,9584,9612,9563,9598,9639,9607,9637,9588,9619,9595,9555,9568,9586,9639,9609,9525,9532,9605,9603,9597,9588,9543,9547,9567,9613,9680,9637,9638,9616,9585,9555,9583,9599,9596,9556,9541,9582,9616,9583,9555,9530,9566,9578,9563,9577,9516,9429,9325,9206,9075,8914
500,500,1267,2058,2899,3834,4748,5557,6138,6507,6724,6837,6901,6822,6805,6842,6813,6828,6833,6819
500,500,1271,2044,2816,3605,4407,5208,6028,6835,7733,8589,9329,9964,10394,10740,10855,10906,10957,10994
500,500,1481,2452,3345,3816,4031,4057,4031,4071,4079,4067,4144,4077,4078,4103,4077,4082,4096,4060,4088,4116,4094,4124,4115,4064,4077,4132,4103,4083,4076,4061,4060,4111,4104,4110,4081,4103,4107,4082,4071,4049,4076,4072,4132,4123,4027,4078,4118,4057,4049,4095,4067,4084,4083,4082,4115,4087,4085,4071,4114,4120,4118,4032,4057,4082,4114,4095,4090,4100,4053,4044,4107,4063,4081,4077,4051,4042,4049,4133,4130,4073,4097,4093,4069,4079,4095,4018,3899,3889,3740,3585,3477,3272,3165,3006,2877,2834,2836,2764
500,500,1263,2129,3133,4023,4735,5201,5368,5424,5417,5440,5441,5450,5484,5472,5484,5466,5485,5463,5426,5424,5441,5446,5468,5495,5463,5499,5469,5451,5457,5499,5419,5453,5435,5502,5502,5491,5511,5456,5447,5474,5495,5454,5416,5523,5511,5467,5450,5485,5427,5440,5470,5464,5507,5473,5415,5477,5473,5458,5447,5443,5505,5470,5457,5403,5442,5466,5445,5501,5518,5435,5422,5449,5442,5480,5445,5475,5437,5397,5474,5467,5463,5500,5451,5446,5477,5474,5416,5337,5284,5149,5063,4910,4757,4633,4463,4347,4276,4248
500,500,1252,1996,2877,3685,4419,5191,5997,6896,7719,8548,9263,9922,10373,10614,10796,10886,10948,10989,10968,10980,10994,10931,10955,11006,10974,10948,10917,10943,10906,10951,10967,11012,10943,10928,10972,10988,10987,10959,10934,10904,10984,10976,11006,10967,10963,10900,10888,10934,10995,10965,10946,10924,10946,11028,10969,10957,10992,10995,10969,10950,10969,11003,10973,10951,10961,10915,10980,11012,10989,10989,10954,10910,10946,10984,10956,11038,11043,10992,10951,10933,10965,10954,10950,10885,10957,10991,10972,10942,10974,10952,10892,10958,10946,10903,10839,10774,10657,10507
500,500,1269,2036,2894,3752,4745,5551,6173,6576,6754,6808,6815,6876,6876,6816,6814,6851,6888,6864
500,500,1515,2511,3368,3836,3997,4122,4079,4061,4087,4115,4094,4051,4095,4106,4033,4117,4082
500,500,1517,2508,3347,3810,4004,4108,4155,4132,4051,4099,4109,4106,4115,4116,4085,4120,4102
500,500,1251,2005,2792,3647,4534,5419,6316,7041,7527,7875,8091,8218,8219,8229,8210,8198,8248,8204
500,500,1261,2055,2862,3652,4368,5149,6026,6858,7681,8561,9341,9926,10347,10630,10823,10956,11009,10944
500,500,1250,2150,3108,4086,4768,5190,5434,5507,5501,5480,5480,5473,5433,5476,5467,5444,5437,5416
500,500,1257,2052,2822,3591,4387,5252,6113,7020,7826,8488,8952,9275,9457,9577,9620,9592,9545,9543
500,500,1278,2147,3131,4100,4732,5121,5329,5491,5468,5464,5423,5433,5492,5464,5435,5450,5489,5467
