mixnet-01001,mixnet-01002,mixnet-01003,mixnet-01004,mixnet-01005,mixnet-01006,mixnet-01007,mixnet-01008,mixnet-01009,mixnet-01010,mixnet-01011,mixnet-01012,mixnet-01013,mixnet-01014,mixnet-01015,mixnet-01016,mixnet-01017,mixnet-01018,mixnet-01019,mixnet-01020,mixnet-01021
1000,1000,3021,5042,6729,7727,8118,8222,8226,8213,8167,8192,8227,8264,8225,8202,8181,8165,8253
1000,1000,3016,9003,10720,7724,9113,9193,8678,8707,8212,8189,8177,8203,8176,8198,8196,8215,8160
1000,1000,2508,3002,2983,2868,11673,11657,7175,7818,12132,14157,13195,12087,11047,10950,10990,10960,10916,10936,10929,10881
1000,1000,2509,4042,5796,7590,9454,11073,12331,13162,13559,13663,13680,13675,13740,13731,13773,13815,13751,13692
1000,1000,3014,5059,6735,7742,8067,8200,8223,8180,8192,8254,8250,8219,8212,8189,8257,8190,8192,8226,8237,8222,8198,8189,8204,8198,8174,8215,8202,8241,8248,8215,8206,8191,8154,8158,8234,8230,8226,8220,8224,8177,8206,8213,8225,8225,8180,8207,8271,8240,8239,8202,8197,8170,8157,8225,8291,8272,8208,8188,8173,8208,8220,8215,8180,8174,8196,8210,8190,8162,8186,8206,8181,8231,8238,8260,8240,8160,8160,8191,8225,8193,8225,8206,8134,7972,7849,7601,7254,6801,6460,6055,5796,5644,5531,5487
1000,1000,2503,4034,5664,7218,8817,10499,12222,13955,15572,17004,18005,18634,18967,19099,19147,19161,19225,19280
1000,2000,4000,4984,5462,5472,5489,5464,5471,5437,5467,5451,5439,5435,5467,5459,5461,5468,5454,5470,5461,5491,5490,5481,5462,5463,5483,5457,5466,5472,5478,5474,5454,5468,5464,5486,5448,5435,5431,5476,5487,5463,5477,5444,5437,5445,5461,5489,5491,5494,5441,5467,5495,5456,5487,5473,5437,5464,5446,5448,5454,5435,5452,5435,5486,5484,5466,5446,5456,5436,5430,5454,5486,5498,5468,5476,5472,5454,5435,5427,5454,5422,5382,5249,5090,4764,4330,3892,3468,3185,2968,2839,2761,2756
1000,2000,4000,4986,5437,5472,5438,5464,5480,5439,5475,5493,5447,5471,5492,5455,5475,5444,5479,5486,5461,5461,5444,5456,5446,5440,5474,5464,5434,5459,5435,5433,5459,5457,5449,5483,5476,5470,5456,5470,5489,5440,5481,5453,5464,5444,5483,5489,5463,5435,5456,5438,5446,5450,5490,5496,5445,5430,5432,5432,5460,5475,5441,5466,5445,5469,5453,5443,5436,5459,5483,5471,5477,5492,5479,5449,5452,5461,5486,5491,5464,5461,5422,5307,5170,4942,4612,4172,3725,3381,3121,2902,2835,2787,2755
1000,1000,2519,4035,5639,7186,8657,9799,10562,12027,13858,15841,16852,17414,18176,19282,20362,20735,20425,19908,19589,19315
1000,1000,2507,4036,5666,7177,8792,10499,12246,14027,15626,16970,18022,18662,19010,19092,19174,19200,19204,19228,19266,19239,19146,19166,19159,19229,19258,19264,19250,19238,19179,19172,19137,19165,19163,19166,19216,19289,19243,19206,19189,19194,19164,19211,19207,19270,19281,19180,19193,19238,19202,19155,19223,19213,19219,19263,19233,19182,19210,19159,19180,19239,19248,19263,19156,19130,19198,19202,19277,19248,19244,19201,19210,19210,19238,19197,19192,19190,19189,19226,19246,19294,19311,19232,19176,19180,19197,19250,19257,19156,19097,19011,18931,18706,18513,18244
1000,1000,2508,4009,5661,7255,8846,10377,12010,13737,15440,17083,18659,19900,20849,21442,21698,21873,21923,21975
1000,1000,2523,4020,5656,7287,9041,10823,12518,14054,15215,15909,16238,16398,16433,16455,16457,16508,16579,16520
1000,1000,2524,4008,5629,6972,7815,8242,10598,12814,14453,14524,14918,16138,17569,18282,17976,17305,16763,16556,16525,16492
1000,1000,2506,4001,5113,5602,5658,10074,12235,12169,11392,12535,14856,15948,15652,14598,14008,13756,13736,13744,13740,13705
1000,1000,2507,3990,5625,7240,8717,10359,11982,13712,15475,17159,18672,19909,20878,21455,21732,21886,21931,21914,21959,22042,22018,21956,21896,21922,21992,22017,22042,22041,22009,21980,21953,21888,21910,21907,21898,21980,21994,21992,21940,21951,21937,21927,21921,21957,22017,22054,21978,21932,21985,21972,21944,21974,21946,21926,21999,21984,21950,21929,21904,21931,21941,22010,22045,21914,21906,21912,21935,21988,22012,21986,21987,21956,21954,21978,21941,21906,21901,21918,21977,22000,22022,22042,22038,21941,21912,21925,21942,21976,21996,21908,21795,21739,21551,21399
1000,1000,2525,4064,5627,7275,8999,10780,12580,14087,15195,15940,16299,16363,16369,16418,16481,16505,16479,16486,16421,16398,16432,16450,16500,16519,16504,16505,16449,16453,16421,16410,16376,16446,16459,16492,16487,16515,16455,16432,16437,16419,16484,16523,16461,16514,16440,16397,16498,16429,16406,16515,16519,16484,16487,16467,16435,16441,16408,16433,16527,16496,16444,16420,16420,16473,16528,16515,16496,16481,16471,16476,16504,16449,16410,16415,16429,16429,16484,16530,16542,16513,16413,16371,16475,16491,16489,16474,16352,16298,16225,16082,15821,15504,15228,14801
1000,2000,4000,4979,5435,5484,5461,5436,5432,5448,5446,5477,5485,5461,5441,5457,5452,5476,5468,5435,5485,5482,5445,5461,5485,5448,5443,5483,5478,5493,5453,5442,5434,5436,5453,5441,5433,5460,5465,5473,5453,5481,5494,5443,5462,5460,5481,5479,5453,5469,5445,5473,5456,5490,5498,5487,5465,5446,5478,5469,5437,5478,5496,5455,5441,5480,5458,5486,5447,5435,5441,5442,5474,5450,5434,5458,5459,5481,5479,5472,5449,5459,5396,5305,5120,4809,4425,3978,3526,3237,2970,2839,2744,2752,2701
1000,1000,2511,4011,5679,7241,8756,10255,11599,12654,13857,15342,17167,18611,19615,20375,21238,22323,23067,23194,23030,22654,22315
1000,1000,2523,4278,6247,8127,9558,10399,10835,10979,10946,10918,10934,10976,11032,10976,11017,10923,10895,10911
1000,1000,2508,4005,5732,7573,9453,11169,12429,13135,13538,13645,13645,13631,13732,13797,13752,13676,13683,13683,13694,13694,13707,13730,13782,13701,13704,13737,13699,13715,13642,13668,13745,13763,13752,13730,13744,13715,13670,13684,13704,13729,13779,13740,13704,13744,13704,13695,13728,13707,13757,13780,13703,13705,13683,13668,13647,13692,13713,13755,13743,13682,13715,13724,13717,13784,13744,13723,13753,13759,13725,13711,13664,13629,13691,13741,13701,13751,13774,13753,13648,13663,13660,13728,13752,13719,13656,13583,13520,13377,13136,12892,12533,12170,11803,11458
1000,1000,2504,4285,6290,8165,9576,10425,10804,10907,10952,10892,10938,11000,11030,10946,10938,10952,10979,10937,10984,10979,11025,11020,10962,10956,10985,10964,10912,10920,10934,10999,11027,10986,10998,10923,10942,10918,10947,11009,11008,11010,10989,10959,10928,10963,10954,10923,10974,10970,10984,10971,10938,10965,10947,10902,10951,11030,10996,10997,10980,10925,10977,10988,10999,10998,10942,10973,10945,10918,10898,10908,10900,10950,10941,10955,10994,10993,10960,10893,10923,10990,10950,10990,10957,10883,10805,10692,10506,10206,9900,9505,9081,8795,8526,8389
