mixnet-00501,mixnet-00502,mixnet-00503,mixnet-00504,mixnet-00505,mixnet-00506,mixnet-00507,mixnet-00508,mixnet-00509,mixnet-00510,mixnet-00511,mixnet-00512,mixnet-00513,mixnet-00514,mixnet-00515,mixnet-00516,mixnet-00517,mixnet-00518,mixnet-00519,mixnet-00520,mixnet-00521
500,500,1267,2015,2809,3646,4476,5217,6079,6997,7805,8520,9001,9354,9556,9834,10109,10390,10457,10335,10044,9841,9675,9555,9550,9553,9553,9642,9647,9587,9621,9548,9577,9571,9563,9520,9533,9578,9583,9587,9621,9620,9638,9637,9640,9585,9588,9561,9574,9575,9558,9569,9558,9512,9565,9562,9571,9619,9654,9576,9575,9661,9626,9562,9619,9623,9567,9512,9428,9332,9145
500,500,1270,2041,2810,3665,4486,5375,6255,6994,7596,7979,8141,8182,8212,8220,8186,8208,8190,8251,8233,8265,8235,8205,8240,8218,8199,8206,8216,8196,8138,8195,8191,8235,8194,8182,8213,8216,8219,8219,8226,8249,8253,8250,8205,8186,8185,8209,8223,8226,8226,8242,8197,8222,8214,8153,8213,8179,8232,8237,8191,8196,8188,8169,8174,8182,8129,8104,7997,7872,7673
500,500,1516,2507,3353,3808,3994,4072,4083,4101,4123,4127,4056,4085,4070,4087,4112,4047,4053,4088,4069,4067,4071,4092,4110,4089,4035,4095,4144,4119,4072,4051,4071,4126,4104,4084,4087,4081,4112,4050,4096,4083,4051,4127,4111,4063,4053,4120,4107,4098,4050,4067,4102,4117,4115,4072,4036,4028,4066,4114,4095,4071,3989,3882,3682,3485,3288,3078,2903,2845,2840
500,500,1267,2051,2847,3647,4497,5388,6306,7028,7590,7901,8103,8276,8634,8986,9214,9077,8706,8494,8300,8223,8181,8200,8246,8250,8274,8278,8169,8190,8194,8219,8220,8150,8199,8170,8231,8249,8215,8231,8273,8213,8265,8243,8192,8195,8205,8150,8218,8204,8162,8185,8157,8227,8219,8209,8235,8269,8217,8245,8245,8265,8196,8247,8245,8144,8055,7955,7801,7664,7403
500,500,1510,2494,3340,3864,4064,4064,4104,4119,4088,4035,4087,4055,4083,4151,4095,4043,4060,4065,4084,4120,4120,4100,4068,4112,4078,4075,4034,4100,4095,4081,4105,4116,4100,4122,4077,4145,4095,4103,4076,4090,4111,4056,4087,4113,4051,4085,4143,4115,4102,4098,4084,4141,4102,4110,4129,4079,4106,4073,4042,4028,3954,3927,3702,3488,3231,3056,2945,2815,2779
500,500,1261,2189,3143,4055,4783,5196,5376,5463,5443,5496,5476,5443,5483,5455,5507,5509,5435,5454,5439,5443,5442,5467,5484,5489,5479,5414,5464,5502,5504,5486,5463,5455,5468,5488,5447,5460,5490,5463,5456,5508,5419,5454,5485,5497,5463,5449,5478,5456,5428,5453,5469,5436,5463,5487,5481,5456,5382,5438,5452,5459,5459,5435,5337,5212,4976,4812,4632,4385,4307
500,500,1266,2054,2877,3655,4400,5229,5986,6816,7679,8565,9318,9947,10380,10634,10790,10914,11015,10986,10902,10934,10952,11029,10987,10967,10923,10927,10980,10982,11058,10951,10951,10945,10892,10925,10953,10922,10949,10969,10977,10941,10996,10928,10964,10989,10969,10938,10943,10969,10977,10944,10964,10996,10992,10989,10942,10996,10954,10930,10950,10936,10961,10955,10997,10977,10922,10941,10909,10929,10887
500,1000,2000,2489,2741,2741,2710,2709,2733,2703,2715,2708,2740,2694,2734,2694,2676,2714,2721,2704,2704,2697,2696,2683,2709,2711,2704,2694,2738,2748,2713,2715,2743,2730,2721,2726,2725,2728,2689,2732,2696,2704,2687,2709,2712,2715,2708,2730,2702,2684,2718,2719,2721,2732,2695,2733,2717,2700,2728,2687,2679,2584,2396,2175,1911,1730,1574,1492,1431,1404
500,500,1256,2041,2909,3796,4682,5569,6171,6598,6770,6814,6871,6821,6845,6839,6831,6875,6863,6870,6862,6857,6809,6823,6831,6812,6839,6847,6772,6773,6820,6851,6830,6854,6810,6881,6866,6831,6857,6818,6841,6841,6810,6789,6797,6819,6832,6848,6858,6857,6843,6790,6798,6873,6822,6820,6875,6875,6849,6820,6827,6789,6821,6836,6807,6791,6674,6519,6359,6131,5919
500,500,1267,2068,2833,3555,4318,5158,6035,6910,7704,8506,9340,10011,10462,10700,10807,10825,10881,10939,11006,12370,11713,12488,12517,12321,12102,11321,11179,10986,10972,10960,10951,10935,10993,10967,10966,10976,10983,11019,10973,10960,10947,10927,10961,10967,11003,10966,10937,10991,10953,10941,10989,11001,10906,10866,10939,10946,10957,10968,10960,10938,10955,10996,10989,10965,11002,10927,10908,10803,10754
500,500,1259,2019,2838,3817,4747,5544,6153,6556,6740,6820,6999,7631,7939,7882,7508,7067,6943,6841,6804,6812,6848,6864,6850,6862,6856,6782,6775,6850,6856,6844,6776,6828,6872,6843,6880,6855,6841,6881,6839,6820,6863,6770,6799,6855,6783,6795,6819,6780,6775,6836,6827,6850,6835,6842,6882,6865,6849,6867,6844,6857,6809,6787,6721,6655,6489,6321,6135,5933,5718
500,1000,2000,2482,2730,2699,2735,2738,2713,2725,2706,2682,2677,2706,2692,2708,2690,2688,2714,2704,2712,2733,2729,2713,2709,2684,2691,2737,2697,2680,2677,2725,2735,2698,2683,2714,2693,2695,2701,2696,2723,2695,2727,2713,2689,2701,2734,2720,2685,2690,2694,2727,2731,2702,2685,2713,2707,2739,2731,2699,2662,2547,2367,2150,1946,1746,1579,1462,1436,1398,1338
500,500,1262,2133,3155,4046,4774,5258,5367,5428,5401,5419,5460,5495,5518,5477,5427,5446,5439,5490,5492,5420,5484,5489,5402,5449,5422,5431,5444,5485,5493,5515,5477,5418,5477,5439,5401,5429,5459,5458,5416,5453,5454,5495,5460,5442,5525,5487,5448,5417,5494,5494,5484,5468,5450,5469,5465,5477,5479,5508,5499,5412,5371,5420,5337,5211,5009,4815,4634,4466,4337
500,500,1260,2057,2831,3600,4410,5224,6104,6971,7759,8460,8976,9308,9473,9557,9591,9622,9573,9540,9565,9604,9649,9588,9584,9577,9607,9631,9621,9632,9574,9536,9561,9546,9559,9588,9548,9573,9573,9610,9563,9553,9582,9585,9659,9585,9591,9565,9565,9624,9583,9581,9611,9605,9615,9580,9588,9593,9557,9613,9576,9585,9607,9588,9590,9562,9542,9535,9480,9420,9283
500,500,1257,2044,2838,3662,4551,5434,6314,7066,7677,7995,8116,8132,8148,8154,8259,8263,8226,8289,8257,8235,8174,8134,8216,8211,8204,8228,8183,8125,8170,8230,8276,8263,8210,8207,8211,8226,8215,8181,8119,8210,8232,8159,8187,8265,8179,8202,8237,8234,8199,8164,8164,8155,8183,8207,8256,8196,8190,8237,8193,8270,8236,8224,8191,8201,8154,8066,7967,7823,7668
500,500,1261,2061,2840,3555,4391,5240,6042,6854,7702,8555,9288,9897,10420,10724,11017,11295,11536,11748,11758,11594,11426,11189,11025,10975,10943,10940,10951,10939,10974,10999,10956,10962,10997,10977,10952,10965,10958,10942,10945,10975,10998,10997,11009,11029,10984,10978,11007,10970,10939,10898,10980,10953,10928,10927,10913,10922,10982,11016,10980,10946,10976,11031,11019,10994,10987,10964,10917,10870,10765
500,500,1279,2050,2915,3834,4724,5591,6207,6594,6760,6733,6749,6772,6859,6903,6889,6850,6859,6811,6810,6816,6785,6847,6859,6845,6803,6817,6788,6856,6861,6862,6863,6826,6851,6857,6863,6783,6795,6815,6828,6844,6816,6820,6902,6832,6829,6873,6869,6814,6769,6810,6819,6849,6839,6855,6818,6831,6859,6819,6885,6875,6799,6809,6780,6768,6635,6504,6327,6122,5958
500,500,1253,2007,2792,3593,4425,5291,6136,6983,7790,8534,9083,9344,9458,9469,9490,9561,9604,9598,12435,9630,11182,11862,10386,10290,9597,9612,9627,9542,9536,9546,9585,9598,9668,9573,9605,9637,9630,9555,9500,9565,9577,9539,9593,9617,9565,9578,9601,9629,9589,9597,9571,9532,9515,9564,9655,9568,9617,9597,9566,9586,9629,9627,9557,9578,9556,9490,9396,9335,9156
500,1000,2000,2496,2699,2681,2696,2683,2679,2683,2734,2729,2687,2692,2726,2704,2708,2691,2683,2676,2680,2718,2706,2717,2733,2720,2724,2738,2725,2693,2688,2728,2721,2692,2693,2721,2700,2718,2732,2742,2745,2731,2717,2742,2699,2716,2699,2713,2736,2723,2691,2709,2735,2748,2724,2691,2695,2707,2715,2672,2675,2539,2407,2172,1971,1758,1629,1497,1402,1388
500,500,1263,2158,3137,4068,4760,5174,5373,5473,5488,5758,6967,6798,6131,5792,5480,5480,5459,5417,5462,5455,5475,5441,5452,5445,5442,5431,5463,5468,5429,5421,5451,5457,5483,5446,5455,5471,5491,5484,5416,5479,5447,5394,5502,5457,5402,5438,5448,5474,5489,5479,5441,5485,5466,5480,5490,5466,5473,5472,5469,5376,5377,5318,5225,5006,4732,4584,4421,4256,4172
500,500,1502,2537,3405,3839,4056,4098,4059,4049,4065,4122,4116,4086,4096,4076,4074,4118,4113,4106,4024,4067,4095,4034,4051,4103,4059,4092,4148,4136,4073,4048,4081,4083,4093,4067,4085,4086,4061,4072,4102,4119,4079,4134,4087,4123,4089,4029,4054,4121,4099,4043,4057,4082,4124,4124,4118,4087,4124,4045,4063,4015,3994,3890,3687,3461,3286,3109,2953,2828,2793
